2
-50.000000 0.000000 0
50.000000 0.000000 0
-49.954977 -2.000000 0
49.954977 2.000000 0
-49.819937 -3.998199 0
49.819937 3.998199 0
-49.594987 -5.990991 0
49.594987 5.990991 0
-49.280346 -7.974770 0
49.280346 7.974770 0
-48.876344 -9.945926 0
48.876344 9.945926 0
-48.383423 -11.900844 0
48.383423 11.900844 0
-47.802141 -13.835913 0
47.802141 13.835913 0
-47.133175 -15.747515 0
47.133175 15.747515 0
-46.377322 -17.632038 0
46.377322 17.632038 0
-45.535502 -19.485869 0
45.535502 19.485869 0
-44.608762 -21.305402 0
44.608762 21.305402 0
-43.598281 -23.087034 0
43.598281 23.087034 0
-42.505370 -24.827175 0
42.505370 24.827175 0
-41.331478 -26.522245 0
41.331478 26.522245 0
-40.078196 -28.168682 0
40.078196 28.168682 0
-38.747263 -29.762942 0
38.747263 29.762942 0
-37.340563 -31.301510 0
37.340563 31.301510 0
-35.860138 -32.780899 0
35.860138 32.780899 0
-34.308186 -34.197660 0
34.308186 34.197660 0
-32.687068 -35.548385 0
32.687068 35.548385 0
-30.999309 -36.829721 0
30.999309 36.829721 0
-29.247607 -38.038369 0
29.247607 38.038369 0
-27.434828 -39.171103 0
27.434828 39.171103 0
-25.564017 -40.224769 0
25.564017 40.224769 0
-23.638395 -41.196305 0
23.638395 41.196305 0
-21.661364 -42.082746 0
21.661364 42.082746 0
-19.636506 -42.881237 0
19.636506 42.881237 0
-17.567586 -43.589048 0
17.567586 43.589048 0
-15.458547 -44.203584 0
15.458547 44.203584 0
-13.313515 -44.722403 0
13.313515 44.722403 0
-11.136791 -45.143227 0
11.136791 45.143227 0
-8.932847 -45.463959 0
8.932847 45.463959 0
-6.706324 -45.682696 0
6.706324 45.682696 0
-4.462025 -45.797749 0
4.462025 45.797749 0
-2.204902 -45.807657 0
2.204902 45.807657 0
0.059948 -45.711202 0
-0.059948 45.711202 0
2.327301 -45.507424 0
-2.327301 45.507424 0
4.591814 -45.195642 0
-4.591814 45.195642 0
6.848046 -44.775461 0
-6.848046 44.775461 0
9.090471 -44.246790 0
-9.090471 44.246790 0
11.313501 -43.609856 0
-11.313501 43.609856 0
13.511505 -42.865213 0
-13.511505 42.865213 0
15.678833 -42.013751 0
-15.678833 42.013751 0
17.809841 -41.056707 0
-17.809841 41.056707 0
19.898915 -39.995669 0
-19.898915 39.995669 0
21.940500 -38.832576 0
-21.940500 38.832576 0
23.929130 -37.569727 0
-23.929130 37.569727 0
25.859452 -36.209769 0
-25.859452 36.209769 0
27.726259 -34.755698 0
-27.726259 34.755698 0
29.524516 -33.210851 0
-29.524516 33.210851 0
31.249391 -31.578891 0
-31.249391 31.578891 0
32.896282 -29.863796 0
-32.896282 29.863796 0
34.460845 -28.069840 0
-34.460845 28.069840 0
35.939013 -26.201575 0
-35.939013 26.201575 0
37.327027 -24.263806 0
-37.327027 24.263806 0
38.621450 -22.261566 0
-38.621450 22.261566 0
39.819187 -20.200091 0
-39.819187 20.200091 0
40.917502 -18.084787 0
-40.917502 18.084787 0
41.914025 -15.921205 0
-41.914025 15.921205 0
42.806766 -13.715005 0
-42.806766 13.715005 0
