2
-50.000000 0.000000 0
50.000000 0.000000 0
-45.497750 -2.000000 0
45.497750 2.000000 0
-31.555020 -3.782924 0
31.555020 3.782924 0
-5.641169 -4.505646 0
5.641169 4.505646 0
51.668757 15.073824 0
-51.668757 -15.073824 0
129.326763 52.940992 0
-129.326763 -52.940992 0
201.478838 89.026512 0
-201.478838 -89.026512 0
271.205299 124.088701 0
-271.205299 -124.088701 0
339.310615 158.423799 0
-339.310615 -158.423799 0
406.184874 192.190538 0
-406.184874 -192.190538 0
472.061603 225.488696 0
-472.061603 -225.488696 0
537.097221 258.387123 0
-537.097221 -258.387123 0
601.404203 290.936343 0
-601.404203 -290.936343 0
665.067504 323.175087 0
-665.067504 -323.175087 0
728.153656 355.134035 0
-728.153656 -355.134035 0
790.716236 386.838118 0
-790.716236 -386.838118 0
852.799353 418.308012 0
-852.799353 -418.308012 0
914.439982 449.561156 0
-914.439982 -449.561156 0
975.669578 480.612462 0
-975.669578 -480.612462 0
1036.515244 511.474839 0
-1036.515244 -511.474839 0
1097.000584 542.159570 0
-1097.000584 -542.159570 0
1157.146346 572.676608 0
-1157.146346 -572.676608 0
1216.970917 603.034800 0
-1216.970917 -603.034800 0
1276.490710 633.242064 0
-1276.490710 -633.242064 0
1335.720467 663.305531 0
-1335.720467 -663.305531 0
1394.673506 693.231654 0
-1394.673506 -693.231654 0
1453.361920 723.026306 0
-1453.361920 -723.026306 0
1511.796742 752.694856 0
-1511.796742 -752.694856 0
1569.988076 782.242227 0
-1569.988076 -782.242227 0
1627.945217 811.672956 0
-1627.945217 -811.672956 0
1685.676741 840.991233 0
-1685.676741 -840.991233 0
1743.190586 870.200945 0
-1743.190586 -870.200945 0
1800.494125 899.305704 0
-1800.494125 -899.305704 0
1857.594224 928.308878 0
-1857.594224 -928.308878 0
1914.497289 957.213613 0
-1914.497289 -957.213613 0
1971.209319 986.022857 0
-1971.209319 -986.022857 0
2027.735936 1014.739377 0
-2027.735936 -1014.739377 0
2084.082425 1043.365776 0
-2084.082425 -1043.365776 0
2140.253764 1071.904506 0
-2140.253764 -1071.904506 0
2196.254646 1100.357884 0
-2196.254646 -1100.357884 0
2252.089508 1128.728098 0
-2252.089508 -1128.728098 0
2307.762548 1157.017223 0
-2307.762548 -1157.017223 0
2363.277747 1185.227226 0
-2363.277747 -1185.227226 0
2418.638883 1213.359977 0
-2418.638883 -1213.359977 0
2473.849548 1241.417252 0
-2473.849548 -1241.417252 0
2528.913163 1269.400745 0
-2528.913163 -1269.400745 0
2583.832984 1297.312071 0
-2583.832984 -1297.312071 0
2638.612122 1325.152771 0
-2638.612122 -1325.152771 0
2693.253548 1352.924319 0
-2693.253548 -1352.924319 0
2747.760100 1380.628123 0
-2747.760100 -1380.628123 0
2802.134499 1408.265533 0
-2802.134499 -1408.265533 0
2856.379349 1435.837844 0
-2856.379349 -1435.837844 0
2910.497150 1463.346296 0
-2910.497150 -1463.346296 0
2964.490298 1490.792083 0
-2964.490298 -1490.792083 0
3018.361100 1518.176349 0
-3018.361100 -1518.176349 0
3072.111771 1545.500198 0
-3072.111771 -1545.500198 0
3125.744442 1572.764690 0
-3125.744442 -1572.764690 0
3179.261167 1599.970847 0
-3179.261167 -1599.970847 0
3232.663926 1627.119656 0
-3232.663926 -1627.119656 0
3285.954626 1654.212066 0
-3285.954626 -1654.212066 0
3339.135110 1681.248995 0
-3339.135110 -1681.248995 0
