8
25.000000 25.000000 0
50.000000 0.000000 0
-25.000000 25.000000 0
-50.000000 0.000000 0
-25.000000 -25.000000 0
0.000000 -50.000000 0
25.000000 -25.000000 0
0.000000 50.000000 0
24.861931 24.861931 0
49.717859 0.000000 0
-24.861931 24.861931 0
-49.717859 -0.000000 0
-24.861931 -24.861931 0
0.000000 -49.717859 0
24.861931 -24.861931 0
-0.000000 49.717859 0
24.446939 24.446939 0
48.869854 0.000000 0
-24.446939 24.446939 0
-48.869854 -0.000000 0
-24.446939 -24.446939 0
0.000000 -48.869854 0
24.446939 -24.446939 0
-0.000000 48.869854 0
23.751822 23.751822 0
47.449536 0.000000 0
-23.751822 23.751822 0
-47.449536 0.000000 0
-23.751822 -23.751822 0
0.000000 -47.449536 0
23.751822 -23.751822 0
-0.000000 47.449536 0
22.769926 22.769926 0
45.443509 0.000000 0
-22.769926 22.769926 0
-45.443509 0.000000 0
-22.769926 -22.769926 0
0.000000 -45.443509 0
22.769926 -22.769926 0
-0.000000 45.443509 0
21.490572 21.490572 0
42.830289 0.000000 0
-21.490572 21.490572 0
-42.830289 -0.000000 0
-21.490572 -21.490572 0
0.000000 -42.830289 0
21.490572 -21.490572 0
-0.000000 42.830289 0
19.898020 19.898020 0
39.578260 0.000000 0
-19.898020 19.898020 0
-39.578260 -0.000000 0
-19.898020 -19.898020 0
0.000000 -39.578260 0
19.898020 -19.898020 0
-0.000000 39.578260 0
17.969685 17.969685 0
35.642131 0.000000 0
-17.969685 17.969685 0
-35.642131 -0.000000 0
-17.969685 -17.969685 0
0.000000 -35.642131 0
17.969685 -17.969685 0
-0.000000 35.642131 0
15.672933 15.672933 0
30.956652 -0.000000 0
-15.672933 15.672933 0
-30.956652 -0.000000 0
-15.672933 -15.672933 0
0.000000 -30.956652 0
15.672933 -15.672933 0
-0.000000 30.956652 0
12.958958 12.958958 0
25.424628 -0.000000 0
-12.958958 12.958958 0
-25.424628 -0.000000 0
-12.958958 -12.958958 0
0.000000 -25.424628 0
12.958958 -12.958958 0
-0.000000 25.424628 0
9.749453 9.749453 0
18.891133 -0.000000 0
-9.749453 9.749453 0
-18.891133 -0.000000 0
-9.749453 -9.749453 0
0.000000 -18.891133 0
9.749453 -9.749453 0
-0.000000 18.891133 0
