5
0.000000 0.000000 0
0.000000 -50.000000 0
-50.000000 0.000000 0
0.000000 50.000000 0
50.000000 0.000000 0
0.000000 0.000000 0
-2.600000 -19.975995 0
-19.975995 2.600000 0
2.600000 19.975995 0
19.975995 -2.600000 0
0.000000 -0.000000 0
4.418326 113.970337 0
113.970337 -4.418326 0
-4.418326 -113.970337 0
-113.970337 4.418326 0
0.000000 -0.000000 0
20.545107 308.662909 0
308.662909 -20.545107 0
-20.545107 -308.662909 0
-308.662909 20.545107 0
0.000000 -0.000000 0
35.839719 485.361291 0
485.361291 -35.839719 0
-35.839719 -485.361291 0
-485.361291 35.839719 0
0.000000 -0.000000 0
50.584882 654.141385 0
654.141385 -50.584882 0
-50.584882 -654.141385 0
-654.141385 50.584882 0
0.000000 -0.000000 0
64.926485 817.564023 0
817.564023 -64.926485 0
-64.926485 -817.564023 0
-817.564023 64.926485 0
0.000000 -0.000000 0
78.946771 976.880707 0
976.880707 -78.946771 0
-78.946771 -976.880707 0
-976.880707 78.946771 0
0.000000 -0.000000 0
92.698765 1132.845955 0
1132.845955 -92.698765 0
-92.698765 -1132.845955 0
-1132.845955 92.698765 0
0.000000 -0.000000 0
106.219660 1285.968102 0
1285.968102 -106.219660 0
-106.219660 -1285.968102 0
-1285.968102 106.219660 0
0.000000 -0.000000 0
119.537071 1436.614445 0
1436.614445 -119.537071 0
-119.537071 -1436.614445 0
-1436.614445 119.537071 0
