15
90.000000 0.000000 0
80.000000 0.000000 0
70.000000 0.000000 0
60.000000 0.000000 0
50.000000 0.000000 0
40.000000 0.000000 0
30.000000 0.000000 0
20.000000 0.000000 0
140.000000 0.000000 0
130.000000 0.000000 0
120.000000 0.000000 0
110.000000 0.000000 0
100.000000 0.000000 0
10.000000 0.000000 0
0.000000 0.000000 0
89.812807 5.774946 0
79.764895 6.125255 0
69.694337 6.548173 0
59.585040 7.072835 0
49.403186 7.747903 0
39.067694 8.662419 0
28.341746 10.002500 0
16.265083 12.250510 0
139.876281 4.630258 0
129.894240 4.805045 0
119.886536 5.001250 0
109.870309 5.223635 0
99.846439 5.478595 0
-4.960350 17.324838 0
0.047304 0.000000 0
89.251924 11.538499 0
79.060730 12.233127 0
68.779402 13.068357 0
58.344231 14.097276 0
47.622041 15.403526 0
36.297026 17.122085 0
23.472847 19.449226 0
5.923367 22.307342 0
139.505054 9.258889 0
129.577245 9.607292 0
119.546401 9.998569 0
109.481554 10.441792 0
99.386208 10.949410 0
-33.585691 30.213810 0
0.154675 0.015214 0
88.319835 17.267596 0
77.891599 18.288417 0
67.262530 19.503890 0
56.292192 20.975471 0
44.690465 22.781055 0
31.787254 24.976136 0
15.819605 27.294180 0
-7.983043 27.427805 0
138.885991 13.882602 0
129.050090 14.401051 0
118.980536 14.983997 0
108.834885 15.643383 0
98.620927 16.396698 0
-60.364902 38.177801 0
0.283824 0.055889 0
87.020982 22.938627 0
76.264817 24.255152 0
65.156858 25.797071 0
53.455399 27.608608 0
40.671438 29.696577 0
25.730074 31.847447 0
6.192959 32.764456 0
-22.041404 28.048009 0
138.018351 18.498017 0
128.314850 19.180413 0
118.190674 19.949348 0
107.932380 20.817036 0
97.553506 21.804327 0
-86.342460 45.496509 0
0.427763 0.115782 0
85.361382 28.527517 0
74.190305 30.096864 0
62.480356 31.890027 0
49.870800 33.899589 0
35.655500 35.977146 0
18.403547 37.423514 0
-4.401733 35.559852 0
-34.819625 26.001506 0
136.900888 23.101664 0
127.374589 23.939174 0
117.179226 24.886173 0
106.776888 25.951077 0
96.187901 27.155786 0
-111.928193 52.586134 0
0.581536 0.192490 0
83.348365 34.009904 0
71.680231 35.777048 0
59.255444 37.725848 0
45.585629 39.755939 0
29.760208 41.469297 0
10.152507 41.487277 0
-15.050772 35.843543 0
-46.220916 22.586636 0
135.531741 27.689974 0
126.233415 28.670756 0
115.949189 29.785740 0
105.371895 31.033536 0
94.528927 32.434245 0
-137.283023 59.561411 0
0.742314 0.284116 0
80.990413 39.361390 0
68.748886 41.259693 0
55.508997 43.249698 0
40.657501 45.092299 0
23.127538 46.045806 0
1.353713 43.933287 0
-25.118960 34.055950 0
-56.478039 18.476052 0
133.908267 32.259292 0
124.896585 33.368138 0
114.504056 34.639039 0
103.721413 36.052192 0
92.582123 37.622674 0
-162.485538 66.468770 0
0.908166 0.389306 0
78.297110 44.557805 0
65.412706 46.509757 0
51.272472 48.409714 0
35.154107 49.832376 0
15.918638 49.610647 0
-7.624153 44.766002 0
-34.266771 30.707673 0
-65.828836 14.006236 0
132.026789 36.805917 0
123.370715 38.023772 0
112.847734 39.436811 0
101.829895 40.994646 0
90.353669 42.703977 0
-187.579935 73.331331 0
1.077632 0.506977 0
75.279157 49.575442 0
61.690358 51.493566 0
46.581941 53.157722 0
29.152317 53.910502 0
8.306628 52.102013 0
-16.454569 44.081881 0
-42.371018 26.254614 0
-74.459956 9.351885 0
129.882205 41.326167 0
121.664136 42.629483 0
110.984485 44.169586 0
99.702183 45.848403 0
87.850355 47.661138 0
-212.593548 80.162200 0
1.249571 0.636218 0
71.948424 54.391254 0
57.602808 56.179122 0
41.477974 57.449798 0
22.736749 57.272856 0
0.468530 53.493176 0
-24.874400 42.041751 0
-49.434652 21.056263 0
-82.510651 4.608131 0
127.467360 45.816532 0
119.787511 47.176301 0
108.918870 48.827744 0
97.343481 50.600955 0
85.079593 52.477350 0
-237.544469 86.969499 0
1.423066 0.776242 0
68.318006 58.983014 0
53.173345 60.536348 0
36.005347 61.246746 0
15.997957 59.878386 0
-7.422740 53.791112 0
-32.690946 38.841478 0
-55.521897 15.379004 0
-90.084763 -0.171066 0
124.771938 50.273945 0
117.754937 51.654179 0
106.655729 53.401566 0
94.759359 55.239864 0
82.049441 57.136128 0
-262.445305 93.758596 0
1.597359 0.926361 0
64.402260 63.329440 0
48.427549 64.537295 0
30.212622 64.514497 0
9.030374 61.699384 0
-15.205452 53.033115 0
-39.777850 34.687042 0
-60.720337 9.414500 0
-97.260852 -4.954185 0
121.780369 54.696376 0
115.586060 56.051412 0
104.200155 57.881299 0
91.955759 59.752837 0
78.768643 61.621402 0
-287.305190 100.533225 0
1.771812 1.085961 0
60.216832 67.410299 0
43.393197 68.156312 0
24.151613 67.224454 0
1.930148 62.721685 0
-22.734645 51.281899 0
-46.064570 29.776851 0
-65.121431 3.299025 0
-104.099459 -9.722493 0
118.467269 59.084193 0
113.310648 60.353285 0
101.557502 62.257201 0
88.939020 64.127782 0
75.246659 65.917589 0
-312.130962 107.296079 0
1.945876 1.254484 0
55.778647 71.206493 0
38.100135 71.370212 0
17.876784 69.353771 0
-5.207041 62.944495 0
-29.885884 48.619798 0
-51.523685 24.291269 0
-68.811577 -2.870804 0
-110.648117 -14.464819 0
114.785501 63.444057 0
110.980550 64.538207 0
98.733409 66.519587 0
85.715904 68.352868 0
71.493699 70.009660 0
-336.927871 114.049167 0
2.119079 1.431421 0
51.105890 74.700133 0
32.580102 74.158408 0
11.444586 70.885568 0
-12.288063 62.379825 0
-36.557153 45.142741 0
-56.158801 18.387877 0
-71.868678 -9.026398 0
-116.944811 -19.174591 0
110.622038 67.804952 0
108.713808 68.561735 0
95.733875 70.658847 0
82.293624 72.416557 0
67.520735 73.883185 0
-361.700037 120.794026 0
2.291006 1.616299 0
46.217965 77.874618 0
26.866543 76.503052 0
4.912767 71.809073 0
-19.224239 61.051586 0
-42.669102 40.954533 0
-59.994417 12.200585 0
-74.361386 -15.118919 0
-123.020364 -23.848089 0
105.415092 72.395373 0
107.077349 72.179464 0
92.565493 74.665426 0
78.679878 76.307648 0
63.339515 77.524380 0
-386.450755 127.531858 0
2.461291 1.808680 0
41.135440 80.714692 0
20.994380 78.389156 0
-1.660351 72.119682 0
-25.932994 58.994376 0
-48.163971 36.161877 0
-63.068107 5.840988 0
-76.349537 -21.113507 0
-128.900140 -28.483388 0
100.401094 77.014907 0
104.838740 75.575625 0
89.236719 78.529674 0
74.882941 80.015295 0
58.962571 80.920145 0
-411.182700 134.263620 0
2.629612 2.008151 0
35.879987 83.206522 0
14.999788 79.804698 0
-8.216590 71.818933 0
-32.339202 56.252048 0
-53.003607 30.870313 0
-65.424834 -0.599194 0
-77.885058 -26.985231 0
-134.605259 -33.079716 0
96.362749 81.347283 0
101.215344 79.049767 0
85.760699 82.242110 0
70.911803 83.529063 0
54.403233 84.058106 0
-435.898075 140.990086 0
2.795678 2.214324 0
30.474295 85.337756 0
8.919933 80.740720 0
-14.698631 70.914399 0
-38.376200 52.876110 0
-57.166953 25.181162 0
-67.113007 -7.045325 0
-79.012971 -32.716271 0
-140.153499 -37.637030 0
92.328462 85.474187 0
97.177606 82.502206 0
82.152907 85.794363 0
66.775973 86.838997 0
49.675568 86.926659 0
-460.598715 147.711891 0
2.959230 2.426830 0
24.941976 87.097586 0
2.792710 81.191400 0
-21.050712 69.419483 0
-43.986445 48.924061 0
-60.647340 19.189414 0
-68.181857 -13.437119 0
-79.772362 -38.293923 0
-145.559970 -42.155766 0
88.245422 89.378392 0
92.779262 85.930930 0
78.428109 89.179360 0
62.485290 89.935623 0
44.794333 89.514994 0
-485.286164 154.429564 0
3.120035 2.645318 0
19.307481 88.476808 0
-3.343532 81.154115 0
-27.219282 67.353135 0
-49.121849 44.457725 0
-63.449808 12.982415 0
-68.679778 -19.726150 0
-80.197238 -43.709192 0
-150.837623 -46.636654 0
84.093971 93.037072 0
88.041690 89.338842 0
74.601584 92.390820 0
58.049986 92.809943 0
39.774960 91.813130 0
-509.961738 161.143546 0
3.277882 2.869452 0
13.595998 89.467878 0
-9.450271 80.629470 0
-33.153610 64.739484 0
-53.743794 39.541658 0
-65.588628 6.639214 0
-68.653326 -25.873700 0
-80.317277 -48.955794 0
-155.997649 -51.080613 0
79.871743 96.417340 0
82.969314 92.738604 0
70.689641 95.422970 0
53.480701 95.453437 0
34.633529 93.811946 0
-534.626562 167.854213 0
3.432580 3.098907 0
7.833355 90.064971 0
-15.489103 79.621319 0
-38.806335 61.607401 0
-57.822892 34.241669 0
-67.085104 0.230409 0
-68.146676 -31.848928 0
-80.158456 -54.029443 0
-161.049783 -55.488669 0
75.591195 99.465051 0
77.551130 96.164234 0
66.710620 98.270242 0
48.788507 97.858082 0
29.386737 95.503212 0
-559.281610 174.561887 0
3.583957 3.333373 0
2.045908 90.264033 0
-21.422036 78.136749 0
-44.133941 57.989996 0
-61.338521 28.623519 0
-67.965695 -6.181667 0
-67.201359 -37.627350 0
-79.743592 -58.927346 0
-166.002554 -59.861905 0
71.284040 102.065055 0
71.754293 99.711344 0
62.686931 100.926905 0
43.984927 100.016364 0
24.051869 96.879631 0
-583.927726 181.266844 0
3.731855 3.572547 0
-3.739578 90.062828 0
-27.211786 76.186039 0
-49.097156 53.924064 0
-64.278205 22.751789 0
-68.260463 -12.542523 0
-65.856193 -43.189577 0
-79.092809 -63.647846 0
-170.863474 -64.201427 0
66.970654 103.797014 0
65.549782 103.781600 0
58.650043 103.386939 0
39.081970 101.921322 0
18.646757 97.934873 0
-608.565653 187.969324 0
3.876132 3.816139 0
-9.496045 89.460988 0
-32.822075 73.782596 0
-53.661261 49.449493 0
-66.636869 16.688953 0
-68.001808 -18.804946 0
-64.147312 -48.520290 0
-78.223938 -68.190160 0
-175.639197 -68.508341 0
61.060140 104.815141 0
60.498146 108.197648 0
54.654746 105.649563 0
34.092153 103.566621 0
13.189742 98.663620 0
-633.196041 194.669536 0
4.016659 4.063864 0
-15.196285 88.460044 0
-38.217922 70.942853 0
-57.796317 44.608656 0
-68.416042 10.494648 0
-67.223473 -24.928377 0
-62.108253 -53.607404 0
-77.152866 -72.554192 0
-180.335648 -72.783735 0
53.381200 105.886067 0
56.722640 112.155720 0
50.775126 107.728955 0
29.028351 104.946598 0
7.699607 99.061599 0
-657.819468 201.367665 0
4.153319 4.315443 0
-20.813061 87.063457 0
-43.365926 67.686139 0
-61.477290 39.445784 0
-69.623019 4.225113 0
-65.959776 -30.878259 0
-59.770079 -58.441402 0
-75.893851 -76.740379 0
-184.958126 -77.028674 0
45.255511 107.235330 0
52.740342 115.556201 0
47.199793 109.477071 0
23.903907 106.056046 0
2.195550 99.125600 0
-682.436447 208.063873 0
4.286005 4.570605 0
-26.319247 85.276639 0
-48.234534 64.034522 0
-64.684097 34.006354 0
-70.270040 -2.067188 0
-64.245021 -36.625403 0
-57.161513 -63.014808 0
-74.459782 -80.749562 0
-189.511390 -81.244186 0
37.042545 108.860018 0
48.542746 118.629649 0
43.606170 110.644951 0
18.733325 106.890180 0
-3.302820 98.853513 0
-707.047435 214.758304 0
4.414622 4.829087 0
-31.687970 83.106977 0
-52.794299 60.012622 0
-67.401572 28.336493 0
-70.373495 -8.333808 0
-62.113067 -42.145390 0
-54.309096 -67.321778 0
-72.862400 -84.582866 0
-193.999734 -85.431265 0
29.037093 110.547509 0
44.184183 121.423216 0
39.674208 111.377899 0
13.533036 107.445156 0
-8.775514 98.244416 0
-731.652844 221.451086 0
4.539083 5.090629 0
-36.892779 80.563836 0
-57.018117 55.647393 0
-69.619344 22.482412 0
-69.953183 -14.530436 0
-59.597016 -47.418011 0
-51.237350 -71.357780 0
-71.112479 -88.241602 0
-198.427043 -89.590867 0
21.044215 112.016458 0
39.703361 123.959497 0
35.589362 111.915707 0
8.321740 107.718926 0
-14.202264 97.298633 0
-756.253044 228.142335 0
4.659308 5.354973 0
-41.907803 77.658543 0
-60.881437 50.967874 0
-71.331664 16.489887 0
-69.031629 -20.616913 0
-56.728994 -52.426773 0
-47.968961 -75.119341 0
-69.219954 -91.727167 0
-202.796846 -93.723905 0
13.021734 113.232658 0
35.126635 126.254919 0
31.396203 112.257611 0
3.120549 107.712534 0
-19.562630 96.017780 0
-780.848368 234.832155 0
4.775226 5.621863 0
-46.707921 74.404361 0
-64.362449 46.004929 0
-72.537159 10.403778 0
-67.633472 -26.557164 0
-53.539998 -57.158443 0
-44.524964 -78.603832 0
-67.194028 -95.040982 0
-207.112361 -97.831257 0
4.959608 114.177481 0
30.472738 128.320926 0
27.114130 112.390569 0
-2.047320 107.432422 0
-24.836111 94.404785 0
-805.439121 241.520638 0
4.886777 5.891042 0
-51.268924 70.816443 0
-67.442232 40.790952 0
-73.238549 4.267611 0
-65.784923 -32.319078 0
-50.059802 -61.602659 0
-40.924934 -81.809286 0
-65.043249 -98.184435 0
-211.376527 -101.913760 0
-3.139869 114.831000 0
25.756290 130.165766 0
22.756470 112.301451 0
-7.159836 106.893480 0
-30.002255 92.463903 0
-830.025576 248.207869 0
4.993908 6.162256 0
-55.567685 66.911775 0
-70.104871 35.359568 0
-73.442326 -1.876781 0
-63.513290 -37.874335 0
-46.316892 -65.751587 0
-37.187170 -84.734235 0
-62.775574 -101.158856 0
-215.592039 -105.972214 0
-11.259792 115.171560 0
20.989544 131.795696 0
18.334851 111.978108 0
-12.205065 106.117217 0
-35.040779 90.200719 0
-854.607987 254.893925 0
5.096578 6.435250 0
-59.582314 62.709099 0
-72.337538 29.745322 0
-73.158402 -7.989565 0
-60.846574 -43.198207 0
-42.338424 -69.599634 0
-33.328873 -87.377547 0
-60.398431 -103.965496 0
-219.761374 -110.007382 0
-19.365841 115.189201 0
16.183280 133.215740 0
13.860569 111.409236 0
-17.186727 105.117632 0
-39.931684 87.622115 0
-879.186582 261.578875 0
5.194758 6.709769 0
-63.292322 58.228819 0
-74.130538 23.983356 0
-72.399753 -14.033148 0
-57.813122 -48.269336 0
-38.150204 -73.143212 0
-29.366315 -89.738280 0
-57.918769 -106.605521 0
-223.886815 -114.019993 0
-27.419492 114.896944 0
11.347284 134.430151 0
9.345152 110.584129 0
-22.112453 103.889515 0
-44.655354 84.736237 0
-903.761572 268.262784 0
5.288429 6.985559 0
-66.678764 53.492890 0
-75.477307 18.109095 0
-71.182046 -19.972368 0
-54.441340 -53.069509 0
-33.776663 -76.380565 0
-25.315002 -91.815528 0
-55.343119 -109.080009 0
-227.970469 -118.010742 0
-35.393535 114.321880 0
6.490630 135.442709 0
4.800670 109.492493 0
-26.979224 102.416966 0
-49.192619 81.552447 0
-928.333151 274.945709 0
5.377584 7.262369 0
-69.724382 48.524699 0
-76.374388 12.157935 0
-69.523275 -25.774627 0
-50.759451 -57.583426 0
-29.240846 -79.311651 0
-21.189834 -93.608256 0
-52.677639 -111.389942 0
-232.014288 -121.980294 0
-43.272361 113.491229 0
1.621846 136.256915 0
0.239964 108.124313 0
-31.773714 100.686892 0
-53.524799 78.081279 0
-952.901498 281.627704 0
5.462229 7.539951 0
-72.413734 43.348919 0
-76.821359 6.164937 0
-67.443404 -31.409974 0
-46.795304 -61.798466 0
-24.564386 -81.938087 0
-17.005272 -95.115117 0
-49.928158 -113.536200 0
-236.020082 -125.929282 0
-51.046185 112.428207 0
-3.250986 136.876120 0
-4.323168 106.469772 0
-36.478514 98.692646 0
-57.633739 74.334431 0
-977.466777 288.308820 0
5.542382 7.818059 0
-74.733310 37.991357 0
-76.820733 0.164544 0
-64.964025 -36.851149 0
-42.576211 -65.704468 0
-19.767469 -84.263185 0
-12.775517 -96.334224 0
-47.100218 -115.519555 0
-239.989532 -129.858311 0
-58.707884 111.152933 0
-8.120153 137.303611 0
-8.873796 104.519219 0
-41.075544 96.432616 0
-61.501845 70.324770 0
-1002.029141 294.989100 0
5.618071 8.096455 0
-76.671634 32.478787 0
-76.377827 -5.809689 0
-62.108035 -42.073586 0
-38.128825 -69.293518 0
-14.868762 -86.292090 0
-8.514722 -97.262844 0
-44.199103 -117.340662 0
-243.924207 -133.767960 0
-66.252027 109.683631 0
-12.978274 137.542665 0
-13.395669 102.263179 0
-45.547137 93.908529 0
-65.112150 66.066356 0
-1026.588731 301.668588 0
5.689334 8.374903 0
-78.219351 26.838773 0
-75.500602 -11.725338 0
-58.899333 -47.055382 0
-33.479033 -72.559739 0
-9.885290 -88.032099 0
-4.237264 -97.896935 0
-41.229864 -119.000057 0
-247.825568 -137.658782 0
-73.674647 108.037262 0
-17.818264 137.596591 0
-17.871033 99.692395 0
-49.876246 91.124373 0
-68.448398 61.574476 0
-1051.145679 308.347322 0
5.756221 8.653176 0
-79.369294 21.099479 0
-74.199487 -17.551332 0
-55.362546 -51.777241 0
-28.651877 -75.499104 0
-4.832186 -89.493279 0
0.041869 -98.230407 0
-38.197342 -120.498158 0
-251.694980 -141.531303 0
-80.973155 106.229766 0
-22.633320 137.468752 0
-22.280419 96.797930 0
-54.046423 88.085796 0
-71.495160 56.865643 0
-1075.700107 315.025339 0
5.818789 8.931054 0
-80.116538 15.289472 0
-72.487175 -23.258145 0
-51.522775 -56.222393 0
-23.671484 -78.109252 0
0.277775 -90.689707 0
4.306475 -98.253782 0
-35.106190 -121.835266 0
-255.533723 -145.386031 0
-88.146237 104.276114 0
-27.416900 137.162581 0
-26.602431 93.571301 0
-58.041763 84.799769 0
-74.237962 51.957589 0
-1100.252129 321.702672 0
5.877102 9.208325 0
-80.458424 9.437515 0
-70.378412 -28.817955 0
-47.405371 -60.376497 0
-18.561006 -80.389325 0
5.435115 -91.642111 0
8.538052 -97.951456 0
-31.960896 -123.011570 0
-259.342994 -149.223449 0
-95.193716 102.190298 0
-32.162720 136.681592 0
-30.813512 90.004686 0
-61.846851 81.274393 0
-76.663411 46.869214 0
-1124.801850 328.379352 0
5.931232 9.484781 0
-80.394567 3.572367 0
-67.889774 -34.204784 0
-43.035731 -64.227530 0
-13.342563 -82.339809 0
10.635725 -92.384374 0
12.713599 -97.295113 0
-28.765805 -124.027158 0
-263.123921 -153.044020 0
-102.116392 99.985312 0
-36.864740 136.029382 0
-34.887708 86.091184 0
-65.446738 77.518795 0
-78.759326 41.620529 0
-1149.349372 335.055409 0
5.981255 9.760227 0
-79.926838 -2.277435 0
-65.039440 -39.394595 0
-38.439127 -67.765668 0
-8.037184 -83.962401 0
15.886086 -92.984066 0
16.800245 -96.223123 0
-25.525149 -124.882011 0
-266.877561 -156.848187 0
-108.915873 97.673146 0
-41.517162 135.209637 0
-38.796431 81.825170 0
-68.826932 73.543053 0
-80.514858 36.232565 0
-1173.894786 341.730869 0
6.027250 10.034470 0
-79.059327 -8.083773 0
-61.846960 -44.365373 0
-33.640550 -70.983156 0
-2.664731 -85.259877 0
21.216834 -93.649140 0
20.741537 -94.533771 0
-22.243064 -125.576015 0
-270.604911 -160.636378 0
-115.594418 95.264802 0
-46.114425 134.226127 0
-42.508234 77.202744 0
-71.973402 69.358155 0
-81.920597 30.727276 0
-1198.438180 348.405759 0
6.069301 10.307325 0
-77.798278 -13.819152 0
-58.333029 -49.097171 0
-28.664579 -73.874180 0
2.756204 -86.235952 0
25.164741 -96.913162 0
25.975263 -89.699939 0
-18.923624 -126.108949 0
-274.306911 -164.408998 0
-122.154792 92.770323 0
-50.651202 133.082703 0
-45.988627 72.222292 0
-74.872598 64.975961 0
-82.968675 25.127419 0
-1222.979636 355.080102 0
6.107491 10.578614 0
-76.152002 -19.456888 0
-54.519265 -53.572131 0
-23.535279 -76.434720 0
8.208120 -86.894861 0
27.655349 -102.479505 0
32.550441 -82.024270 0
-15.570840 -126.480493 0
-277.984446 -168.166441 0
-128.600134 90.198839 0
-55.122391 131.783296 0
-49.199948 66.885189 0
-77.511478 60.409181 0
-83.652851 19.456432 0
-1247.519231 361.753922 0
6.141908 10.848157 0
-74.130776 -24.971286 0
-50.428002 -57.774477 0
-18.276191 -78.662397 0
13.672205 -87.240875 0
30.097830 -107.741982 0
39.031033 -74.115816 0
-12.188594 -126.690239 0
-281.638356 -171.909083 0
-134.933851 87.558621 0
-59.523117 130.331912 0
-52.101352 61.196641 0
-79.877553 55.671338 0
-83.968585 13.738291 0
-1272.057038 368.427237 0
6.172645 11.115773 0
-71.746724 -30.337800 0
-46.082107 -61.690491 0
-12.910355 -80.556360 0
19.127057 -87.279039 0
32.489593 -112.777268 0
45.388230 -65.896194 0
-8.780579 -126.737690 0
-285.269434 -175.637285 0
-141.159526 84.857143 0
-63.848728 128.732624 0
-54.648949 55.166682 0
-81.958933 50.776745 0
-83.913095 7.997371 0
-1296.593125 375.100070 0
6.199813 11.381268 0
-69.013676 -35.533177 0
-41.504792 -65.308482 0
-7.460264 -82.117236 0
24.551159 -87.015744 0
34.832811 -117.609973 0
51.579869 -57.337597 0
-5.350359 -126.622277 0
-288.878431 -179.351394 0
-147.280841 82.101143 0
-68.094785 126.989565 0
-56.796185 48.811303 0
-83.744405 45.740465 0
-83.485403 2.258288 0
-1321.127556 381.772438 0
6.223546 11.644447 0
-65.947025 -40.535593 0
-36.719443 -68.618743 0
-1.947766 -83.347043 0
29.924930 -86.458136 0
37.130091 -122.258560 0
57.552429 -48.422166 0
-1.901429 -126.343378 0
-292.466058 -183.051747 0
-153.301517 79.296685 0
-72.257068 125.106929 0
-58.494526 42.153681 0
-85.223520 40.578279 0
-82.686363 -3.454256 0
-1345.660394 388.444359 0
6.243995 11.905117 0
-62.563558 -45.324763 0
-31.749452 -71.613497 0
3.606029 -84.249068 0
35.231035 -85.613777 0
39.383651 -126.738306 0
63.243074 -39.144839 0
1.562718 -125.900355 0
-296.032993 -186.738664 0
-159.225267 76.449222 0
-76.331563 123.088957 0
-59.694559 35.225393 0
-86.386713 35.306656 0
-81.518669 -9.115636 0
-1370.191695 395.115850 0
6.261336 12.163100 0
-58.881294 -49.882027 0
-26.618062 -74.286820 0
9.180830 -84.827707 0
40.454011 -84.490639 0
41.595304 -131.062034 0
68.584261 -29.518055 0
5.038504 -125.292571 0
-299.579878 -190.412456 0
-165.055758 73.563651 0
-80.314464 120.939936 0
-60.347561 28.067504 0
-87.225437 29.942742 0
-79.986842 -14.701468 0
-1394.721513 401.786926 0
6.275756 12.418236 0
-54.919302 -54.190427 0
-21.348230 -76.634563 0
14.757216 -85.088312 0
45.579857 -83.097120 0
43.766653 -135.240571 0
73.511125 -19.575012 0
8.522160 -124.519382 0
-303.107323 -194.073421 0
-170.796584 70.644367 0
-84.202170 118.664193 0
-60.407634 20.731293 0
-87.732294 24.504371 0
-78.097205 -20.187771 0
-1419.249902 408.457602 0
6.287447 12.670396 0
-50.697523 -58.234747 0
-15.962495 -78.654257 0
20.316674 -85.037047 0
50.595733 -81.442016 0
45.899263 -139.283160 0
77.970536 -9.369369 0
12.009641 -123.580085 0
-306.615911 -197.721849 0
-176.451243 67.695314 0
-87.991275 116.266084 0
-59.834348 13.278413 0
-87.901153 19.010106 0
-75.857822 -25.551120 0
-1443.776909 415.127893 0
6.296594 12.919475 0
-46.236598 -62.001543 0
-10.482881 -80.345014 0
25.841628 -84.680762 0
55.489770 -79.534457 0
47.994754 -143.197831 0
81.929308 1.029704 0
15.496560 -122.473844 0
-310.106195 -201.358017 0
-182.023124 64.720029 0
-91.678569 113.749994 0
-58.595802 5.780227 0
-87.727213 13.479268 0
-73.278432 -30.768796 0
-1468.302582 421.797811 0
6.303359 13.165386 0
