15
90.000000 0.000000 0
80.000000 0.000000 0
70.000000 0.000000 0
60.000000 0.000000 0
50.000000 0.000000 0
40.000000 0.000000 0
30.000000 0.000000 0
20.000000 0.000000 0
140.000000 0.000000 0
130.000000 0.000000 0
120.000000 0.000000 0
110.000000 0.000000 0
100.000000 0.000000 0
10.000000 0.000000 0
0.000000 0.000000 0
89.814720 5.774946 0
79.765507 6.125255 0
69.693725 6.548173 0
59.583127 7.072835 0
49.399703 7.747903 0
39.062037 8.662419 0
28.332509 10.002500 0
16.248142 12.250510 0
139.923384 4.630258 0
129.911181 4.805045 0
119.895772 5.001250 0
109.875965 5.223635 0
99.849922 5.478595 0
-5.007453 17.324838 0
0.000047 0.000000 0
89.259264 11.538004 0
79.062720 12.232557 0
68.776250 13.067697 0
58.335435 14.096534 0
47.606151 15.402805 0
36.270901 17.121878 0
23.429998 19.451591 0
5.850501 22.319075 0
139.693578 9.257984 0
129.644786 9.606809 0
119.583179 9.998157 0
109.504002 10.441381 0
99.399912 10.948968 0
-33.741037 30.216634 0
0.000155 0.000015 0
88.335169 17.265423 0
77.894416 18.286055 0
67.253017 19.501413 0
56.268786 20.973224 0
44.649317 22.780178 0
31.720959 24.980145 0
15.714796 27.313516 0
-8.155831 27.478802 0
139.310750 13.878117 0
129.201057 14.398730 0
119.062584 14.982038 0
108.884672 15.641465 0
98.650878 16.394689 0
-60.648344 38.187361 0
0.000284 0.000056 0
87.045521 22.933558 0
76.266181 24.250129 0
65.134993 25.792729 0
53.407162 27.606688 0
40.590103 29.701554 0
25.604190 31.870616 0
6.000737 32.831653 0
-22.357164 28.160534 0
138.775237 18.485601 0
128.580484 19.174254 0
118.334715 19.944226 0
108.019101 20.812143 0
97.604636 21.799379 0
-86.763446 45.514384 0
0.000428 0.000115 0
85.394963 28.518970 0
74.186426 30.089622 0
62.438708 31.886219 0
49.786737 33.904132 0
35.520079 36.001128 0
18.201811 37.491483 0
-4.709224 35.714434 0
-35.316952 26.182056 0
138.087545 23.075390 0
127.783797 23.926850 0
117.400667 24.876085 0
106.908982 25.941724 0
96.263919 27.146763 0
-112.492857 52.613106 0
0.000581 0.000192 0
83.389691 33.998546 0
71.666375 35.770098 0
59.186206 37.728259 0
45.455588 39.778083 0
29.559217 41.532679 0
9.859708 41.635013 0
-15.510182 36.125336 0
-46.931202 22.832070 0
137.248347 27.642456 0
126.811973 28.650008 0
116.261898 29.769026 0
105.556573 31.018603 0
94.632372 32.420723 0
-137.995676 59.597978 0
0.000742 0.000283 0
81.037447 39.349606 0
68.720034 41.258091 0
55.404916 43.267679 0
40.473015 45.148314 0
22.851413 46.176023 0
0.951365 44.203519 0
-25.776838 34.497474 0
-57.426249 18.778657 0
136.258487 32.181794 0
125.666234 33.337261 0
114.920231 34.614522 0
103.964696 36.031286 0
92.714552 37.605356 0
-163.349374 66.515292 0
0.000907 0.000387 0
78.347494 44.550022 0
65.364128 46.521372 0
51.127403 48.456422 0
34.908425 49.943684 0
15.557996 49.842104 0
-8.162364 45.206751 0
-35.176002 31.329161 0
-67.035099 14.356451 0
135.118976 36.688425 0
124.348043 37.982184 0
113.377854 39.404127 0
102.136736 40.968421 0
90.515917 42.685028 0
-188.597412 73.388076 0
0.001076 0.000504 0
75.330589 49.578333 0
61.618000 51.529208 0
46.391028 53.250180 0
28.839805 54.103780 0
7.849809 52.475948 0
-17.166204 44.742588 0
-43.585687 27.062788 0
-75.940960 9.739611 0
133.830991 41.157405 0
122.859108 42.578411 0
111.637316 44.129488 0
100.076632 45.818830 0
88.042819 47.644433 0
-213.766617 80.229378 0
0.001248 0.000632 0
71.998937 54.413865 0
57.503487 56.252617 0
41.237490 57.608995 0
22.351837 57.580236 0
-0.101237 54.057089 0
-25.809554 42.968465 0
-51.005902 22.045853 0
-84.280649 5.023345 0
132.395878 45.583833 0
121.201375 47.119641 0
109.701520 48.782369 0
97.788872 50.571533 0
85.302481 52.468646 0
-238.874719 87.047276 0
0.001421 0.000770 0
68.366141 59.036839 0
53.044762 60.664615 0
35.712276 61.497788 0
15.533726 60.337624 0
-8.130148 54.597428 0
-33.911209 40.072188 0
-57.495575 16.535353 0
-92.156251 0.261994 0
130.815148 49.962849 0
119.377032 51.599648 0
107.573728 53.354659 0
95.278489 55.215786 0
82.302984 57.143185 0
-263.934056 93.847110 0
0.001595 0.000918 0
64.447134 63.428489 0
48.268132 64.740442 0
29.864015 64.886810 0
8.476894 62.353872 0
-16.085512 54.137004 0
-41.353459 36.248171 0
-63.136139 10.716156 0
-99.644995 -4.512376 0
129.090475 54.289648 0
117.388499 56.012293 0
105.257548 57.838395 0
92.551041 59.741104 0
79.053238 61.654064 0
-288.953556 100.632588 0
0.001770 0.001075 0
60.258104 67.571164 0
43.201827 68.457772 0
23.743765 67.751985 0
1.272646 63.620154 0
-23.834274 52.738370 0
-48.070695 31.681357 0
-68.012975 4.719860 0
-106.806355 -9.280419 0
127.223697 58.559482 0
115.238433 60.351530 0
102.756932 62.225777 0
89.612608 64.137292 0
75.562951 65.987847 0
-313.939898 107.406386 0
0.001944 0.001241 0
55.816404 71.448431 0
37.875741 71.796895 0
17.404247 70.075137 0
-5.990039 64.140307 0
-31.264452 50.480398 0
-54.036666 26.538298 0
-72.206951 -1.360002 0
-113.686955 -14.030331 0
125.216813 62.767668 0
112.929720 64.611420 0
100.076169 66.509182 0
86.469771 68.394476 0
71.842601 70.131703 0
-338.898203 114.170499 0
0.002117 0.001415 0
51.140455 75.045163 0
32.321164 74.740869 0
10.899056 71.844089 0
-13.226476 63.929798 0
-38.285940 47.452261 0
-59.252904 20.963580 0
-75.791168 -7.456780 0
-120.323967 -18.754926 0
123.071980 66.909591 0
110.465473 68.786138 0
97.219875 70.681183 0
83.129598 72.503132 0
67.903391 74.073458 0
-363.832490 120.926453 0
0.002289 0.001596 0
46.249640 78.347630 0
26.570491 77.275636 0
4.281868 73.052633 0
-20.357906 63.014370 0
-44.829777 43.748089 0
-63.739333 15.079654 0
-78.830220 -13.522789 0
-126.747478 -23.449924 0
120.791514 70.980712 0
107.849025 72.869981 0
94.192989 74.734564 0
79.599626 76.454107 0
63.757210 77.801638 0
-388.745967 127.675441 0
0.002460 0.001785 0
41.164183 81.343563 0
20.656914 79.390101 0
-2.394325 73.700375 0
-27.312747 61.428450 0
-50.846349 39.462624 0
-67.527226 8.988516 0
-81.380569 -19.523786 0
-132.982181 -28.112900 0
118.377881 74.976574 0
105.083929 76.857380 0
91.000759 78.662336 0
75.887840 80.238655 0
59.416583 81.305524 0
-413.641239 134.418411 0
0.002629 0.001980 0
35.905029 84.022225 0
14.614114 81.076175 0
-9.077927 73.792458 0
-34.027427 59.213446 0
-56.302971 34.687942 0
-70.654175 2.774203 0
-83.491366 -25.435124 0
-139.048592 -32.742640 0
115.833704 78.892806 0
102.173948 80.742912 0
87.648734 82.457749 0
72.002651 83.848454 0
54.894623 84.575182 0
-438.520449 141.156133 0
0.002796 0.002181 0
30.493712 86.374451 0
8.475945 82.328775 0
-15.719387 73.339196 0
-40.446836 56.416038 0
-61.181234 29.511185 0
-73.160669 -3.494532 0
-85.205377 -31.239057 0
-144.963945 -37.338720 0
113.161751 82.725132 0
99.123054 84.521300 0
84.142751 86.114313 0
67.952869 87.275634 0
50.204976 87.601511 0
-463.385383 147.889236 0
0.002961 0.002389 0
24.952222 88.392691 0
2.276131 83.145785 0
-22.271755 72.355607 0
-46.524421 53.086546 0
-65.474380 24.013161 0
-75.087846 -9.761677 0
-86.559873 -36.922849 0
-150.742861 -41.901237 0
110.364937 86.469373 0
95.935416 88.187431 0
80.488927 89.625806 0
63.747684 90.512801 0
45.361762 90.376273 0
-488.237542 154.618244 0
0.003124 0.002602 0
19.302863 90.071029 0
-3.952036 83.527984 0
-28.691145 70.860898 0
-52.221993 49.277448 0
-69.184881 18.267619 0
-76.476075 -15.981719 0
-87.587434 -42.477422 0
-156.397856 -46.430629 0
107.446317 90.121453 0
92.615399 91.736360 0
76.693638 92.986291 0
59.396629 93.553053 0
40.379513 92.892119 0
-513.078203 161.343596 0
0.003284 0.002820 0
13.568123 91.405191 0
-10.175972 83.478931 0
-34.937095 68.877905 0
-57.509301 45.042078 0
-72.322315 12.341041 0
-77.364123 -22.117715 0
-88.316642 -47.896394 0
-161.939732 -50.927554 0
104.409087 93.677407 0
89.167556 95.163318 0
72.763513 96.190126 0
54.909561 96.390004 0
35.273113 95.142618 0
-537.908461 168.065665 0
0.003441 0.003043 0
7.770528 92.392539 0
-16.364061 83.004828 0
-40.972820 66.432508 0
-62.363450 40.433540 0
-74.901561 6.292777 0
-77.788687 -28.139702 0
-88.772675 -53.175377 0
-167.377879 -55.392808 0
101.256575 97.133384 0
85.596617 98.463724 0
68.705417 99.231980 0
50.296623 99.017798 0
30.057734 97.122271 0
-562.729258 174.784767 0
0.003595 0.003271 0
1.932513 93.032051 0
-22.485887 82.114346 0
-46.765372 63.553053 0
-66.768215 35.503827 0
-76.941321 0.175409 0
-77.784199 -34.023372 0
-88.977802 -58.311462 0
-172.720515 -59.827268 0
97.992240 100.485652 0
81.907484 101.633186 0
64.526431 102.106840 0
45.568217 101.431125 0
24.748766 98.826527 0
-587.541418 181.501179 0
0.003747 0.003503 0
-3.923715 93.324291 0
-28.512442 80.818436 0
-52.285708 60.269785 0
-70.713307 30.303144 0
-78.462926 -5.964750 0
-77.382769 -39.749008 0
-88.951807 -63.302842 0
-177.974873 -64.231858 0
94.619667 103.730604 0
78.105222 104.667516 0
60.233842 104.810025 0
40.734968 103.625235 0
19.361752 100.251792 0
-612.345658 188.215137 0
0.003895 0.003739 0
-9.776297 93.271360 0
-34.416297 79.130122 0
-57.508670 56.614317 0
-74.193626 24.879413 0
-79.489403 -12.087094 0
-76.614240 -45.300613 0
-88.712337 -68.148536 0
-183.147361 -68.607515 0
91.142561 106.864763 0
74.195053 107.562729 0
55.835124 107.337194 0
35.807694 105.595947 0
13.912325 101.395426 0
-637.142610 194.926849 0
0.004040 0.003979 0
-15.603842 92.876840 0
-40.171749 77.064278 0
-62.412904 52.619137 0
-77.208536 19.277930 0
-80.044753 -18.156154 0
-75.506300 -50.665208 0
-88.275199 -72.848172 0
-188.243678 -72.955178 0
87.564744 109.884785 0
70.182341 110.315055 0
51.337920 109.684352 0
30.797371 107.339658 0
8.416135 102.255746 0
-661.932834 201.636498 0
0.004182 0.004222 0
-21.385540 92.145727 0
-45.754929 74.637401 0
-66.980720 48.317160 0
-79.761187 13.541161 0
-80.153399 -24.141030 0
-74.084614 -55.832267 0
-87.654610 -77.401832 0
-193.268922 -77.275770 0
83.890148 112.787464 0
66.072587 112.920946 0
46.750023 111.847863 0
25.715096 108.853347 0
2.888788 102.832011 0
-686.716827 208.344245 0
0.004321 0.004469 0
-27.101260 91.084356 0
-51.143884 71.867382 0
-71.197906 43.741339 0
-81.857889 7.708643 0
-79.839781 -30.014863 0
-72.372983 -60.793257 0
-86.863406 -81.809930 0
-198.227672 -81.570196 0
80.122813 115.569737 0
61.871421 115.377075 0
42.079363 113.824451 0
20.572056 110.134585 0
-2.654221 103.124412 0
-711.495032 215.050232 0
0.004456 0.004719 0
-32.731642 89.700313 0
-56.318631 68.773275 0
-75.053508 38.924324 0
-83.507548 1.816967 0
-79.128064 -35.754349 0
-70.393498 -65.541267 0
-85.913217 -86.073121 0
-203.124054 -85.839332 0
76.266877 118.228687 0
57.584586 117.680348 0
37.333981 115.611209 0
15.379490 111.181526 0
-8.197567 103.134053 0
-736.267849 221.754587 0
0.004588 0.004972 0
-38.258177 88.002347 0
-61.261174 65.375079 0
-78.539596 33.898176 0
-84.721170 -4.100172 0
-78.041926 -41.339296 0
-68.166696 -70.070709 0
-84.814623 -90.192230 0
-207.961806 -90.084026 0
72.326574 120.761548 0
53.217933 119.827903 0
32.522017 117.205601 0
10.148656 111.992914 0
-13.726156 102.862923 0
-761.035635 228.457425 0
0.004717 0.005227 0
-43.663276 86.000273 0
-65.955508 61.693522 0
-81.651008 28.694136 0
-85.511429 -10.011883 0
-76.604418 -46.752229 0
-65.711701 -74.377071 0
-83.577282 -94.168200 0
-212.744321 -94.305092 0
68.306225 123.165705 0
48.777409 121.817120 0
27.651685 118.605466 0
4.890799 112.568077 0
-19.225182 102.313870 0
-785.798714 235.158847 0
0.004842 0.005485 0
-48.930330 83.704873 0
-70.387595 57.749861 0
-84.385101 23.342435 0
-85.892294 -15.889946 0
-74.837874 -51.978044 0
-63.046364 -78.456720 0
-82.210037 -98.002047 0
-217.474690 -98.503313 0
64.210236 125.438704 0
44.269045 123.645618 0
22.731259 119.809020 0
-0.382889 112.906918 0
-24.680181 101.490570 0
-810.557380 241.858946 0
0.004963 0.005745 0
-54.043752 81.127797 0
-74.545316 53.565695 0
-86.741490 17.872148 0
-85.878712 -21.708670 0
-72.763864 -57.003700 0
-60.187389 -82.306740 0
-80.721015 -101.694829 0
-222.155742 -102.679440 0
60.043088 127.578246 0
39.698946 125.311264 0
17.769051 120.814859 0
-5.661296 113.009911 0
-30.077077 100.397487 0
-835.311898 248.557805 0
0.005081 0.006006 0
-58.989017 78.281459 0
-78.418419 49.162790 0
-88.721810 12.311091 0
-85.486342 -27.444732 0
-70.403169 -61.817951 0
-57.150449 -85.924796 0
-79.117710 -105.247622 0
-226.790068 -106.834191 0
55.809334 129.582197 0
35.073283 126.812171 0
12.773392 121.621953 0
-10.933424 112.878087 0
-35.402232 99.039837 0
-860.062512 255.255502 0
0.005196 0.006270 0
-63.752686 75.178936 0
-81.998440 44.562929 0
-90.329477 6.685748 0
-84.731335 -33.077008 0
-67.775779 -66.411112 0
-53.950293 -89.309028 0
-77.407049 -108.661499 0
-231.380048 -110.968254 0
51.513590 131.448588 0
30.398276 128.146702 0
7.752613 122.229650 0
-16.188420 112.513022 0
-40.642487 97.423541 0
-884.809445 261.952104 0
0.005307 0.006535 0
-68.322421 71.833867 0
-85.278621 39.787764 0
-91.569470 1.021227 0
-83.630151 -38.586417 0
-64.900912 -70.774856 0
-50.600844 -92.457958 0
-75.595458 -111.937516 0
-235.927878 -115.082285 0
47.160529 133.175614 0
25.680188 129.313472 0
2.715028 122.637673 0
-21.415607 111.916825 0
-45.785195 95.555187 0
-909.552901 268.647676 0
0.005414 0.006802 0
-72.686992 68.260361 0
-88.253822 34.858701 0
-92.448124 -4.658764 0
-82.199412 -43.955752 0
-61.797041 -74.902040 0
-47.115290 -95.370422 0
-73.688917 -115.076701 0
-240.435585 -119.176912 0
42.754875 134.761643 0
20.925310 130.311345 0
-2.331090 122.846111 0
-26.604510 111.092119 0
-50.818259 93.441975 0
-934.293066 275.342275 0
0.005518 0.007070 0
-76.836272 64.472897 0
-90.920422 29.796788 0
-92.972942 -10.331909 0
-80.455779 -49.169536 0
-58.481923 -78.786552 0
-43.506162 -98.045502 0
-71.693004 -118.080043 0
-244.905046 -123.252736 0
38.301398 136.205209 0
16.139954 131.139440 0
-7.377517 122.855423 0
-31.744884 110.042023 0
-55.730159 91.091679 0
-959.030113 282.035954 0
0.005618 0.007339 0
-80.761228 60.486239 0
-93.276216 24.622623 0
-93.152426 -15.977275 0
-78.415859 -54.213869 0
-54.972639 -82.423177 0
-39.785411 -100.482481 0
-69.612940 -120.948488 0
-249.338003 -127.310329 0
33.804904 137.505020 0
11.330439 131.797125 0
-12.416108 122.666422 0
-36.826737 108.770133 0
-60.509973 88.512588 0
-983.764203 288.728762 0
0.005715 0.007608 0
-84.453906 56.315352 0
-95.320321 19.356281 0
-92.995917 -21.575281 0
-76.096134 -59.076296 0
-51.285640 -85.807489 0
-35.964476 -102.680801 0
-67.453625 -123.682928 0
-253.736074 -131.350239 0
29.270231 138.659955 0
6.503081 132.284018 0
-17.438804 122.280280 0
-41.840358 107.280503 0
-65.147401 85.713464 0
-1008.495481 295.420744 0
0.005809 0.007879 0
-87.907400 51.975319 0
-97.053070 14.017248 0
-92.513461 -27.107657 0
-73.512898 -63.745680 0
-47.436786 -88.935751 0
-32.054349 -104.640026 0
-65.219668 -126.284206 0
-258.100767 -135.372991 0
24.702239 139.669066 0
1.664179 132.599987 0
-22.437655 121.698508 0
-46.776332 105.577619 0
-69.632777 82.703491 0
-1033.224085 302.111942 0
0.005899 0.008150 0
-91.115833 47.481270 0
-98.475911 8.624371 0
-91.715683 -32.557403 0
-70.682222 -68.212088 0
-43.441391 -91.804830 0
-28.065631 -106.359819 0
-62.915423 -128.753104 0
-262.433488 -139.379085 0
20.105807 140.531579 0
-3.179988 132.745147 0
-27.404832 120.922958 0
-51.625567 103.666377 0
-73.957081 79.492224 0
-1057.950143 308.802395 0
0.005986 0.008421 0
-94.074313 42.848315 0
-99.591316 3.195817 0
-90.613676 -37.908734 0
-67.619916 -72.466679 0
-39.314269 -94.412129 0
-24.008586 -107.839915 0
-60.545007 -131.090346 0
-266.735554 -143.369001 0
15.485825 141.246893 0
-8.023181 132.719856 0
-32.332646 119.955807 0
-56.379304 101.552063 0
-78.111948 76.089542 0
-1082.673770 315.492138 0
0.006069 0.008693 0
-96.778906 38.091478 0
-100.402681 -2.250953 0
-89.218910 -43.147028 0
-64.341516 -76.501613 0
-35.069775 -96.755523 0
-19.893194 -109.080107 0
-58.112330 -133.296596 0
-271.008195 -147.343196 0
10.847185 141.814578 0
-12.859205 132.524713 0
-37.213560 118.799549 0
-61.029140 99.240322 0
-82.089669 72.505601 0
-1107.395079 322.181204 0
0.006149 0.008965 0
-99.226589 33.225647 0
-100.914242 -7.699209 0
-87.543141 -48.258771 0
-60.862265 -80.309960 0
-30.721848 -98.833307 0
-15.729199 -110.080230 0
-55.621112 -135.372453 0
-275.252566 -151.302109 0
6.194777 142.234379 0
-17.681921 132.160554 0
-42.040203 117.456985 0
-65.567035 96.737136 0
-85.883191 68.750788 0
-1132.114172 328.869626 0
0.006226 0.009236 0
-101.415209 28.265518 0
-101.130988 -13.132960 0
-85.598347 -53.231499 0
-57.197111 -83.885620 0
-26.284055 -100.644157 0
-11.526150 -110.840147 0
-53.074906 -137.318454 0
-279.469751 -155.246162 0
1.533483 142.506211 0
-22.485257 131.628449 0
-46.805384 115.931210 0
-69.985329 94.048800 0
-89.486118 64.835676 0
-1156.831144 335.557430 0
0.006300 0.009508 0
-103.343443 23.225551 0
-101.058582 -18.536960 0
-83.396659 -58.053740 0
-53.360706 -87.223252 0
-21.769628 -102.187087 0
-7.293447 -111.359747 0
-50.477110 -139.135073 0
-283.660771 -159.175757 0
-3.131833 142.630159 0
-27.263215 130.929696 0
-51.502103 114.225602 0
-74.276752 91.181894 0
-92.892697 60.770982 0
-1181.546085 342.244646 0
0.006370 0.009779 0
-105.010749 18.119933 0
-100.703287 -23.896711 0
-80.950309 -62.714963 0
-49.367409 -90.318209 0
-17.191502 -103.461423 0
-3.040382 -111.638935 0
-47.830989 -140.822717 0
-287.826585 -163.091279 0
-7.796330 142.606476 0
-32.009883 130.065815 0
-56.123564 112.343809 0
-78.434428 88.143257 0
-96.097817 56.567525 0
-1206.259081 348.931297 0
0.006437 0.010050 0
-106.417324 12.962544 0
-100.071895 -29.198451 0
-78.271586 -67.205522 0
-45.231292 -93.166484 0
-12.562355 -104.466774 0
1.223821 -111.677630 0
-45.139685 -142.381730 0
-291.968099 -166.993100 0
-12.455194 142.435584 0
-36.719443 129.038547 0
-60.663184 110.289735 0
-82.451885 84.939963 0
-99.096992 52.236189 0
-1230.970209 355.617408 0
0.006502 0.010320 0
-107.564055 7.766924 0
-99.171666 -34.429154 0
-75.372796 -71.516602 0
-40.966151 -95.764653 0
-7.894643 -105.203019 0
5.489969 -111.475769 0
-42.406233 -143.812390 0
-296.086169 -170.881574 0
-17.103648 142.118069 0
-41.386177 127.849842 0
-65.114602 108.067528 0
-86.323057 81.579295 0
-101.886351 47.787887 0
-1255.679546 362.303001 0
0.006563 0.010589 0
-108.452480 2.546251 0
-98.010265 -39.576506 0
-72.266230 -75.640177 0
-36.585516 -98.109834 0
-3.200633 -105.670286 0
9.748860 -111.033301 0
-39.633572 -145.114908 0
-300.181603 -174.757044 0
-21.736955 141.654677 0
-46.004479 126.501858 0
-69.471689 105.681566 0
-90.042290 78.068718 0
-104.462620 43.233522 0
-1280.387159 368.988097 0
0.006621 0.010858 0
-109.084740 -2.686681 0
-96.595713 -44.628899 0
-68.964139 -79.568953 0
-32.102665 -100.199645 0
1.507563 -105.868944 0
13.991246 -110.350197 0
-36.824557 -146.289432 0
-304.255165 -178.619836 0
-26.350425 141.046318 0
-50.568861 124.996951 0
-73.728555 103.136443 0
-93.604341 74.415858 0
-106.823105 38.583964 0
-1305.093116 375.672715 0
0.006677 0.011125 0
-109.463535 -7.919476 0
-94.936333 -49.575406 0
-65.478711 -83.296334 0
-27.530639 -102.032170 0
6.217957 -105.799596 0
18.207796 -109.426457 0
-33.981971 -147.336042 0
-308.307582 -182.470266 0
-30.939423 140.294056 0
-55.073961 123.337670 0
-77.879557 100.436954 0
-97.004377 70.628477 0
-108.965676 33.850011 0
-1329.797479 382.356873 0
0.006730 0.011392 0
-109.592087 -13.140152 0
-93.040709 -54.405768 0
-61.822053 -86.816373 0
-22.882253 -103.605929 0
10.918652 -105.463076 0
22.389057 -108.262115 0
-31.108534 -148.254752 0
-312.339539 -186.308637 0
-35.499370 139.399112 0
-59.514548 121.526750 0
-81.919301 97.588081 0
-100.237977 66.714447 0
-110.888746 29.042369 0
-1354.500307 389.040591 0
0.006780 0.011657 0
-109.474096 -18.337152 0
-90.917642 -59.110366 0
-58.006177 -90.123740 0
-18.170115 -104.919849 0
15.597814 -104.860449 0
26.525415 -106.857252 0
-28.206914 -149.045508 0
-316.351691 -190.135240 0
-40.025754 138.362855 0
-63.885530 119.567102 0
-85.842652 94.594981 0
-103.301126 62.681730 0
-112.591250 24.171621 0
-1379.201655 395.723882 0
0.006828 0.011921 0
-109.113703 -23.499345 0
-88.576116 -63.680207 0
-54.042993 -93.213679 0
-13.406640 -105.973245 0
20.243646 -103.993017 0
30.607058 -105.212016 0
-25.279734 -149.708189 0
-320.344656 -193.950355 0
-44.514130 137.186802 0
-68.181960 117.461809 0
-89.644734 91.462969 0
-106.190209 58.538357 0
-114.072624 19.248210 0
-1403.901576 402.406765 0
0.006873 0.012184 0
-108.515454 -28.616038 0
-86.025265 -68.106897 0
-49.944295 -96.081981 0
-8.604065 -106.765798 0
24.844358 -102.862324 0
34.623936 -103.326631 0
-22.329585 -150.242607 0
-324.319027 -197.754253 0
-48.960129 135.872615 0
-72.399042 115.214117 0
-93.320937 88.197504 0
-108.902012 54.292405 0
-115.332784 14.282416 0
-1428.600120 409.089252 0
0.006916 0.012445 0
-107.684262 -33.676971 0
-83.274340 -72.382621 0
-45.721760 -98.724950 0
-3.774464 -107.297542 0
29.388142 -101.470167 0
38.565716 -101.201429 0
-19.359032 -150.648505 0
-328.275363 -201.547194 0
-53.359460 134.422095 0
-76.532133 112.827424 0
-96.866917 84.804177 0
-111.433710 49.951977 0
-116.372104 9.284335 0
-1453.297334 415.771358 0
0.006956 0.012704 0
-106.625378 -38.672321 0
-80.332690 -76.500122 0
-41.386942 -101.139378 0
1.070235 -107.568852 0
33.863146 -99.818612 0
42.421745 -98.836867 0
-16.370622 -150.925556 0
-332.214200 -205.329429 0
-57.707918 132.837179 0
-80.576754 110.305277 0
-100.278595 81.288693 0
-113.782861 45.525187 0
-117.191394 4.263869 0
-1477.993263 422.453097 0
0.006994 0.012962 0
