15
90.000000 0.000000 0
80.000000 0.000000 0
70.000000 0.000000 0
60.000000 0.000000 0
50.000000 0.000000 0
40.000000 0.000000 0
30.000000 0.000000 0
20.000000 0.000000 0
140.000000 0.000000 0
130.000000 0.000000 0
120.000000 0.000000 0
110.000000 0.000000 0
100.000000 0.000000 0
10.000000 0.000000 0
0.000000 0.000000 0
89.997344 0.365240 0
79.998449 0.387395 0
69.999387 0.414143 0
60.000248 0.447325 0
50.001085 0.490020 0
40.001911 0.547859 0
30.002576 0.632614 0
20.001950 0.774790 0
139.952543 0.292843 0
129.982687 0.303898 0
119.990338 0.316307 0
109.993841 0.330372 0
99.995913 0.346497 0
9.987120 1.095719 0
0.047304 0.000000 0
89.989381 0.730513 0
79.993802 0.774830 0
69.997552 0.828335 0
60.000992 0.894713 0
50.004342 0.980121 0
40.007647 1.095822 0
30.010320 1.265330 0
20.007888 1.549370 0
139.809944 0.585744 0
129.930869 0.607826 0
119.961396 0.632640 0
109.975386 0.660770 0
99.983664 0.693023 0
9.948682 2.183595 0
0.189068 0.003706 0
89.976136 1.095886 0
79.986071 1.162384 0
69.994502 1.242673 0
60.002239 1.342287 0
50.009778 1.470463 0
40.017226 1.644090 0
30.023303 1.898344 0
20.018148 2.323252 0
139.571268 0.878821 0
129.845040 0.911847 0
119.913357 0.949053 0
109.944719 0.991249 0
99.963297 1.039636 0
9.885496 3.248079 0
0.424710 0.018502 0
89.957661 1.461425 0
79.975287 1.550137 0
69.990254 1.657256 0
60.003998 1.790170 0
50.017401 1.961203 0
40.030679 2.192857 0
30.041654 2.531815 0
20.033354 3.095739 0
139.234589 1.172197 0
129.726244 1.216016 0
119.846593 1.265596 0
109.902007 1.321860 0
99.934900 1.386394 0
9.799174 4.274088 0
0.753101 0.051667 0
89.934030 1.827197 0
79.961494 1.938166 0
69.984834 2.072180 0
60.006284 2.238483 0
50.027228 2.452494 0
40.048049 2.742304 0
30.065549 3.165839 0
20.054327 3.865790 0
138.796852 1.466012 0
129.576194 1.520385 0
119.761676 1.582320 0
109.847508 1.652655 0
99.898607 1.733354 0
9.692039 5.247337 0
1.172664 0.110297 0
89.905345 2.193266 0
79.944749 2.326551 0
69.978274 2.487540 0
60.009114 2.687346 0
50.039273 2.944483 0
40.069379 3.292587 0
30.095183 3.800430 0
20.081960 4.631924 0
138.253626 1.760423 0
129.397495 1.824992 0
119.659393 1.899269 0
109.781567 1.983684 0
99.854597 2.080572 0
9.566993 6.154470 0
1.681526 0.201297 0
89.871731 2.559698 0
79.925125 2.715367 0
69.970612 2.903430 0
60.012506 3.136873 0
50.053548 3.437305 0
40.094710 3.843836 0
30.130739 4.435495 0
20.117102 5.392166 0
137.598702 2.055620 0
129.194022 2.129858 0
119.540773 2.216486 0
109.704621 2.314996 0
99.803096 2.428104 0
9.427355 6.982982 0
2.277678 0.331469 0
89.833341 2.926554 0
79.902707 3.104692 0
69.961894 3.319943 0
60.016479 3.587176 0
50.070060 3.931090 0
40.124062 4.396152 0
30.172358 5.070815 0
20.160441 6.144024 0
136.823407 2.351842 0
128.971570 2.434969 0
119.407113 2.534006 0
109.617209 2.646637 0
99.744377 2.776003 0
9.276751 7.720905 0
2.959115 0.507685 0
89.790351 3.293899 0
79.877594 3.494599 0
69.952169 3.737168 0
60.021050 4.038363 0
50.088801 4.425952 0
40.157431 4.949594 0
30.220097 5.706034 0
20.212424 6.884482 0
135.915402 2.649409 0
128.739008 2.740248 0
119.260018 2.851854 0
109.519970 2.978647 0
99.678759 3.124322 0
9.119061 8.356276 0
3.723933 0.737176 0
89.742963 3.661792 0
79.849897 3.885163 0
69.941492 4.155195 0
60.026231 4.490537 0
50.109753 4.921994 0
40.194770 5.504181 0
30.273896 6.340637 0
20.273178 7.609986 0
134.856393 2.948785 0
128.510516 3.045504 0
119.101443 3.170046 0
109.413651 3.311067 0
99.606613 3.473110 0
8.958502 8.876349 0
4.570352 1.027936 0
89.691405 4.030294 0
79.819741 4.276456 0
69.929919 4.574109 0
60.032026 4.943795 0
50.132871 5.419306 0
40.235979 6.059885 0
30.333531 6.973930 0
20.342458 8.316429 0
133.617218 3.250717 0
128.310432 3.350291 0
118.933753 3.488582 0
109.299118 3.643929 0
99.528361 3.822415 0
8.799926 9.266489 0
5.496631 1.389306 0
89.635931 4.399463 0
79.787259 4.668549 0
69.917508 4.993995 0
60.038433 5.398230 0
50.158089 5.917957 0
40.280889 6.616623 0
30.398573 7.605027 0
20.419575 8.999085 0
132.145062 3.556632 0
128.185936 3.653528 0
118.759803 3.807439 0
109.177363 3.977261 0
99.444476 4.172284 0
8.649514 9.508532 0
6.500794 1.832829 0
89.576824 4.769355 0
79.752602 5.061512 0
69.904320 5.414935 0
60.045437 5.853928 0
50.185305 6.418003 0
40.329246 7.174250 0
30.468324 8.232815 0
20.503297 9.652516 0
130.316517 3.870313 0
128.253769 3.951838 0
118.583128 4.126555 0
109.049529 4.311083 0
99.355493 4.522756 0
8.516320 9.578244 0
7.579945 2.373592 0
89.514396 5.140023 0
79.715928 5.455412 0
69.890413 5.837007 0
60.053010 6.310969 0
50.214382 6.919477 0
40.380694 7.732552 0
30.541752 8.855932 0
20.591669 10.270386 0
127.523700 4.217945 0
129.113409 4.219545 0
118.408567 4.445799 0
108.916966 4.645399 0
99.262014 4.873870 0
8.415840 9.441128 0
8.728630 3.032432 0
89.449014 5.511520 0
79.677421 5.850315 0
69.875852 6.260289 0
60.061110 6.769426 0
50.245136 7.422390 0
40.434749 8.291240 0
30.617396 9.472728 0
20.681672 10.845164 0
125.121295 4.596820 0
129.394885 4.460182 0
118.246961 4.764778 0
108.781574 4.980191 0
99.164787 5.225655 0
8.378955 9.045439 0
9.934596 3.839596 0
89.381137 5.883892 0
79.637299 6.246285 0
69.860710 6.684854 0
60.069684 7.229367 0
50.277338 7.926734 0
40.490780 8.849944 0
30.693240 10.081236 0
20.768553 11.367626 0
123.928229 4.975183 0
128.239953 4.706955 0
118.131286 5.082540 0
108.646591 5.315399 0
99.064837 5.578132 0
8.476730 8.312599 0
11.166817 4.839803 0
89.311278 6.257184 0
79.595801 6.643387 0
69.845061 7.110777 0
60.078657 7.690854 0
50.310698 8.432478 0
40.547980 9.408211 0
30.766548 10.679157 0
20.844410 11.826057 0
122.857829 5.342776 0
126.671828 4.971749 0
118.117634 5.397995 0
108.515951 5.650952 0
98.963332 5.931316 0
8.890569 7.146508 0
12.341212 6.087986 0
89.239945 6.631441 0
79.553164 7.041683 0
69.828972 7.538132 0
60.087937 8.153946 0
50.344874 8.939576 0
40.605362 9.965525 0
30.833723 11.263927 0
20.895241 12.205281 0
121.874466 5.685177 0
124.631087 5.270774 0
118.293811 5.709932 0
108.393407 5.986768 0
98.861412 6.285219 0
10.000696 5.612116 0
13.277951 7.560449 0
89.167669 7.006703 0
79.509639 7.441235 0
69.812515 7.966992 0
60.097425 8.618702 0
50.379501 9.447968 0
40.661844 10.521322 0
30.890457 11.832892 0
20.896205 12.487122 0
121.049590 5.955082 0
121.845863 5.655940 0
118.852679 6.014430 0
108.282849 6.322700 0
98.760254 6.639836 0
11.969962 4.173451 0
13.911774 9.035521 0
89.095036 7.382996 0
79.465500 7.842100 0
69.795778 8.397423 0
60.107038 9.085159 0
50.414234 9.957547 0
40.716392 11.074908 0
30.932417 12.383276 0
20.808168 12.654292 0
123.570220 4.728958 0
114.338729 7.604271 0
120.575778 6.258982 0
108.189167 6.658374 0
98.661173 6.995129 0
14.438580 3.178906 0
14.445894 10.349060 0
89.023321 7.760448 0
79.421259 8.244355 0
69.778949 8.829482 0
60.116744 9.553319 0
50.448771 10.468096 0
40.768091 11.625293 0
30.955882 12.911665 0
20.574479 12.694308 0
129.027087 2.194665 0
102.590828 11.014976 0
123.332905 6.344869 0
108.162296 7.005342 0
98.568673 7.351619 0
17.051572 2.547421 0
15.089571 11.549802 0
88.962400 8.142731 0
79.379618 8.648729 0
69.763015 9.263412 0
60.126858 10.023213 0
50.482970 10.979292 0
40.816142 12.171067 0
30.957897 13.413585 0
20.100557 12.604191 0
134.122990 -0.167174 0
90.802038 14.275774 0
126.235441 6.293736 0
108.108874 7.401040 0
98.545598 7.777710 0
19.710057 2.160349 0
15.942772 12.701416 0
88.925922 8.600227 0
79.353435 9.063502 0
69.751913 9.700745 0
60.138797 10.495189 0
50.517145 11.490785 0
40.859968 12.710395 0
30.936384 13.883767 0
19.169895 12.431753 0
139.114965 -2.468252 0
78.952161 17.320290 0
129.153897 6.192942 0
107.925538 7.837520 0
98.552044 8.291594 0
22.389855 1.960673 0
17.129040 13.812188 0
88.883765 9.140947 0
79.334031 9.532274 0
69.758281 10.154815 0
60.157250 10.971621 0
50.552807 12.002605 0
40.899472 13.241132 0
30.889960 14.317244 0
17.158652 12.773633 0
144.048907 -4.734490 0
67.075789 20.184489 0
132.067504 6.065560 0
107.649001 8.279731 0
98.505973 8.826840 0
25.079246 1.919331 0
18.969681 14.602397 0
88.808884 9.696749 0
79.295422 10.054868 0
69.768104 10.651280 0
60.191905 11.470077 0
50.594925 12.517708 0
40.935586 13.761434 0
30.814618 14.711357 0
15.050378 14.280177 0
148.943913 -6.977365 0
55.184711 22.909221 0
134.970771 5.921725 0
107.275950 8.726463 0
98.428245 9.364449 0
27.773034 2.014406 0
20.981776 14.761500 0
88.710857 10.256620 0
79.235421 10.589549 0
69.758564 11.182279 0
60.227243 12.005520 0
50.647818 13.055655 0
40.971935 14.273083 0
30.694748 15.065395 0
13.821053 16.426117 0
153.810288 -9.203183 0
43.278345 25.513209 0
137.862314 5.766838 0
106.799595 9.178707 0
98.325425 9.901208 0
30.473674 2.233056 0
22.691359 14.563259 0
88.591906 10.818217 0
79.159935 11.129684 0
69.733522 11.722515 0
60.243990 12.563471 0
50.694280 13.623322 0
41.004758 14.792143 0
30.495901 15.379410 0
12.893739 18.559327 0
158.654398 -11.415855 0
31.356185 28.000242 0
140.742125 5.604119 0
106.211356 9.638135 0
98.203229 10.435298 0
33.182700 2.575530 0
24.415988 14.345017 0
88.452564 11.380441 0
79.070627 11.673878 0
69.697086 12.267261 0
60.246392 13.126902 0
50.718394 14.200031 0
41.013944 15.314578 0
30.129802 15.647353 0
12.133674 20.656338 0
163.480529 -13.618001 0
19.425826 30.363862 0
143.610689 5.435634 0
105.500209 10.106990 0
98.069193 10.964866 0
35.894327 3.046201 0
26.278372 14.147142 0
88.292842 11.942493 0
78.967918 12.221670 0
69.650523 12.815168 0
60.236608 13.691436 0
50.722173 14.770906 0
40.986593 15.810564 0
29.353716 15.754959 0
11.495688 22.737113 0
168.291736 -15.811481 0
7.507634 32.613856 0
146.468657 5.262782 0
104.651113 10.588351 0
97.934616 11.487438 0
38.600105 3.645448 0
28.420038 14.037467 0
88.112528 12.503632 0
78.851783 12.772816 0
69.594053 13.365530 0
60.214384 14.254696 0
50.704345 15.328147 0
40.921499 16.259365 0
27.568421 14.342653 0
10.937014 24.828514 0
173.090299 -17.997667 0
-4.371310 34.779024 0
149.316711 5.086553 0
103.641936 11.086812 0
97.817682 11.999167 0
41.294252 4.371999 0
31.153202 14.684709 0
87.911249 13.063094 0
78.721974 13.327091 0
69.527328 13.917719 0
60.177969 14.814333 0
50.660417 15.863414 0
40.804238 16.643703 0
25.558061 11.590053 0
10.422359 26.922756 0
177.877968 -20.177607 0
-16.205901 36.898736 0
152.155509 4.907666 0
102.436507 11.610181 0
97.750374 12.493128 0
43.973471 5.227658 0
34.114239 15.996878 0
87.688485 13.620038 0
78.578088 13.884243 0
69.449488 14.471074 0
60.123989 15.367582 0
50.582110 16.366526 0
40.561048 16.951598 0
24.120804 8.920070 0
9.946881 28.999005 0
182.656128 -22.352122 0
-28.012372 39.004657 0
154.985662 4.726663 0
100.964618 12.174966 0
97.798374 12.953885 0
46.637639 6.216781 0
36.959530 17.267869 0
87.443688 14.173488 0
78.419588 14.443962 0
69.359101 15.024841 0
60.046985 15.910875 0
50.456725 16.825608 0
39.811876 17.236810 0
22.808133 6.310690 0
9.507150 31.055465 0
187.425896 -24.521868 0
-39.801733 41.104421 0
157.807730 4.543959 0
99.030109 12.836236 0
98.152737 13.327736 0
49.289445 7.346589 0
40.121284 18.483457 0
87.177055 14.722135 0
78.245863 15.005844 0
69.253939 15.578075 0
59.938302 16.439009 0
50.263899 17.231327 0
39.571230 21.054081 0
21.566266 3.742540 0
9.098768 33.093862 0
192.188191 -26.687380 0
-51.579437 43.200627 0
160.622219 4.359882 0
94.161568 15.021490 0
101.278150 12.189071 0
51.931234 8.629810 0
43.141376 17.875188 0
86.915203 15.269935 0
78.058019 15.569794 0
69.130702 16.129457 0
59.783227 16.942496 0
49.944145 17.584212 0
40.485388 28.191703 0
20.374019 1.206394 0
8.718116 35.116213 0
196.943775 -28.849098 0
-63.348585 45.294487 0
163.429570 4.174689 0
86.624987 18.639236 0
106.871678 9.625532 0
54.558898 10.087619 0
45.755429 15.546550 0
86.591068 16.081176 0
77.875891 16.147661 0
68.987359 16.677436 0
59.559808 17.396267 0
49.343691 17.765730 0
41.667804 35.082459 0
19.219524 -1.304170 0
8.362512 37.124519 0
201.693278 -31.007387 0
-75.111133 47.386675 0
166.230092 3.988575 0
79.018754 21.956723 0
112.365696 7.090720 0
57.149768 11.745241 0
48.522943 13.344584 0
86.102594 17.173092 0
77.697900 16.823162 0
68.828000 17.226374 0
59.244600 17.729913 0
48.559304 17.495341 0
42.900823 41.890730 0
18.095574 -3.794034 0
8.029818 39.120800 0
206.437221 -33.162550 0
-86.868408 49.477612 0
169.023946 3.801669 0
71.349551 24.873949 0
117.823322 4.565626 0
59.671241 13.629082 0
51.552258 11.357524 0
85.451021 18.285675 0
77.468736 17.606924 0
68.637666 17.806342 0
58.879239 17.770991 0
47.902679 16.802867 0
44.160034 48.647100 0
16.997348 -6.266439 0
7.718144 41.106814 0
211.176041 -35.314842 0
-98.621358 51.567578 0
171.811187 3.614045 0
63.622820 27.575772 0
123.257964 2.047193 0
62.078137 15.816611 0
54.730171 9.622102 0
84.643558 19.395041 0
77.161151 18.420500 0
68.338984 18.406249 0
58.693399 17.452667 0
47.462253 15.957794 0
45.436250 55.363819 0
15.921249 -8.723546 0
7.425849 43.083913 0
215.910109 -37.464482 0
-110.370685 53.656768 0
174.591803 3.425726 0
55.865773 30.093393 0
128.676446 -0.465993 0
64.245631 18.301288 0
57.999116 8.076361 0
83.669753 20.489610 0
76.785712 19.243173 0
67.760681 18.978417 0
58.791166 16.947914 0
47.197457 15.072970 0
46.723885 62.046824 0
14.864431 -11.166847 0
7.151595 45.053022 0
220.639745 -39.611658 0
-122.116929 55.745322 0
177.365724 3.236676 0
48.122836 32.462366 0
134.083073 -2.974762 0
66.314373 20.866152 0
61.323249 6.705850 0
82.510352 21.557524 0
76.347198 20.073049 0
66.650487 19.921379 0
59.064874 16.390539 0
47.068672 14.191256 0
48.018021 68.700742 0
13.824530 -13.597453 0
6.894472 47.014661 0
225.365227 -41.756534 0
-133.860508 57.833346 0
180.132839 3.046801 0
40.420052 34.744225 0
139.480874 -5.479619 0
68.750756 22.929674 0
64.666077 5.488155 0
81.135430 22.583844 0
75.850449 20.925517 0
65.322562 21.393536 0
59.474980 15.812364 0
47.046527 13.325355 0
49.315028 75.330666 0
12.799508 -16.016268 0
6.654162 48.968902 0
230.086798 -43.899253 0
-145.601760 59.920920 0
182.893007 2.855935 0
32.752610 36.983111 0
144.872127 -7.980845 0
71.385771 24.294305 0
68.006401 4.396417 0
79.491778 23.548790 0
75.293024 21.865141 0
64.171402 22.979584 0
60.007126 15.251780 0
47.114020 12.477293 0
50.613051 81.941295 0
11.787587 -18.424108 0
6.431243 50.915125 0
234.804672 -46.039942 0
-157.340958 62.008109 0
185.646073 2.663836 0
25.109832 39.200728 0
150.258622 -10.478542 0
73.946532 25.312779 0
71.332998 3.407039 0
77.448225 24.434485 0
74.717065 23.113722 0
63.122280 24.495760 0
60.634720 14.739393 0
47.260845 11.648419 0
51.911324 88.536247 0
10.787216 -20.821752 0
6.227751 52.851172 0
239.519039 -48.178713 0
-169.078328 64.094961 0
188.391890 2.470178 0
17.480974 41.409185 0
155.641794 -12.972656 0
76.654655 25.959370 0
74.640276 2.500598 0
74.367252 26.019607 0
74.555583 24.935529 0
62.158493 25.925003 0
61.327478 14.284591 0
47.479014 10.840443 0
53.209525 95.118189 0
9.797062 -23.209963 0
6.047731 54.770493 0
244.230065 -50.315667 0
-180.814059 66.181519 0
191.130345 2.274555 0
9.855660 43.620060 0
161.022796 -15.463000 0
79.782650 25.221039 0
77.925202 1.661795 0
70.990515 25.872294 0
74.449443 29.522436 0
61.281997 27.278457 0
62.064061 13.885781 0
47.761594 10.055027 0
54.507505 101.689124 0
8.815993 -25.589470 0
5.892254 56.656097 0
248.937900 -52.450892 0
-192.548310 68.267816 0
193.861395 2.076488 0
2.228341 45.853184 0
166.402528 -17.949277 0
82.982062 23.348946 0
81.186360 0.877500 0
68.168567 23.316611 0
73.915818 36.422374 0
60.503042 28.569907 0
62.830218 13.540500 0
48.102369 9.293623 0
55.805184 108.250600 0
7.843055 -27.960956 0
5.745176 58.494591 0
253.642676 -54.584469 0
-204.281217 70.353881 0
196.585100 1.875453 0
-5.388058 48.123729 0
171.781646 -20.431115 0
85.897439 21.477667 0
84.424494 0.136819 0
65.382049 20.829581 0
73.284727 43.168044 0
59.820515 29.798290 0
63.619164 13.253467 0
48.496280 8.557370 0
57.102529 114.803834 0
6.877448 -30.325043 0
5.589550 60.297721 0
258.344514 -56.716469 0
-216.012898 72.439737 0
199.301653 1.670917 0
-12.978995 50.421164 0
177.160562 -22.908117 0
88.729804 19.606240 0
87.641549 -0.567840 0
62.549643 18.316100 0
72.631209 49.857506 0
59.206182 30.956743 0
64.427759 13.053670 0
48.940180 7.847453 0
58.399542 121.349787 0
5.918509 -32.682296 0
5.426379 62.084269 0
263.043519 -58.846958 0
-227.743454 74.525406 0
202.011394 1.462392 0
-20.547345 52.727605 0
182.539465 -25.379915 0
91.517767 17.716618 0
90.839625 -1.241151 0
59.724609 15.694110 0
71.965752 56.512440 0
58.627599 32.052628 0
65.209065 13.004354 0
49.433485 7.166236 0
59.696236 127.889230 0
4.965685 -35.033213 0
5.261073 63.861870 0
267.739787 -60.975995 0
-239.472975 76.610904 0
204.714795 1.249485 0
-28.100017 55.036115 0
187.918343 -27.846230 0
94.274728 15.800687 0
94.020917 -1.885761 0
56.991393 12.957367 0
71.293266 63.143716 0
58.066642 33.100029 0
65.877983 13.088380 0
49.979822 6.519475 0
60.992632 134.422793 0
4.018512 -37.378230 0
5.096840 65.633213 0
272.433406 -63.103634 0
-251.201539 78.696246 0
207.412424 1.031941 0
-35.641451 57.344578 0
193.297030 -30.306908 0
97.008072 13.852347 0
97.187483 -2.502597 0
54.340941 10.171397 0
70.616228 69.757886 0
57.515854 34.110186 0
66.427710 13.211551 0
50.592486 5.922681 0
62.288746 140.950995 0
3.076595 -39.717727 0
4.935352 67.399450 0
277.124454 -65.229925 0
-262.929217 80.781447 0
210.104901 0.809658 0
-43.174357 59.652333 0
198.675269 -32.761941 0
99.723024 11.865192 0
100.341006 -3.091020 0
51.669960 7.311163 0
69.935958 76.359184 0
56.972285 35.090538 0
66.910745 13.331330 0
51.318030 5.434825 0
63.584592 147.474267 0
2.139597 -42.052032 0
4.777479 69.161201 0
281.813002 -67.354911 0
-274.656069 82.866517 0
212.792838 0.582683 0
-50.700501 61.959192 0
204.052768 -35.211462 0
102.424104 9.831354 0
103.482606 -3.648843 0
48.822031 3.589636 0
69.253207 82.950477 0
56.434630 36.046060 0
67.353706 13.442175 0
52.282153 5.842769 0
64.880178 153.992977 0
1.207227 -44.381433 0
4.623658 70.918877 0
286.499113 -69.478634 0
-286.382151 84.951468 0
215.476803 0.351186 0
-58.221106 64.265138 0
209.429249 -37.655723 0
105.116031 7.740381 0
106.612636 -4.172084 0
45.992442 -0.830924 0
68.568443 89.533778 0
55.902227 36.980260 0
67.767598 13.543893 0
53.275021 6.980436 0
66.175508 160.507438 0
0.279235 -46.706172 0
4.474082 72.672795 0
291.182844 -71.601131 0
-298.107515 87.036307 0
218.157293 0.115423 0
-65.737065 66.570214 0
214.804477 -40.095055 0
107.804780 5.577608 0
109.730314 -4.654332 0
43.342997 -5.125270 0
67.881991 96.110546 0
55.374724 37.895585 0
68.156070 13.636851 0
54.128170 8.019385 0
67.470581 167.017919 0
-0.644585 -49.026454 0
4.328794 74.423221 0
295.864250 -73.722435 0
-309.832203 89.121044 0
220.834720 -0.124296 0
-73.249058 68.874484 0
220.178280 -42.529836 0
110.499551 3.321263 0
112.832859 -5.085389 0
40.728164 -9.384024 0
67.194093 102.681867 0
54.851913 38.793730 0
68.519031 13.721543 0
54.984652 9.047733 0
68.765392 173.524656 0
-1.564393 -51.342445 0
4.187753 76.170391 0
300.543376 -75.842578 0
-321.556259 91.205685 0
223.509415 -0.367642 0
-80.757618 71.178017 0
225.550545 -44.960461 0
113.217517 0.936610 0
115.913209 -5.448415 0
38.130622 -13.623916 0
66.504955 109.248572 0
54.333664 39.675962 0
68.854676 13.798486 0
55.861390 10.080167 0
70.059934 180.027856 0
-2.480313 -53.654275 0
4.050859 77.914511 0
305.220265 -77.961588 0
-333.279717 93.290238 0
226.181636 -0.614287 0
-88.263171 73.480880 0
230.921217 -47.387322 0
115.998119 -1.637119 0
118.952933 -5.713445 0
35.543980 -17.851619 0
65.814753 115.811317 0
53.819909 40.543293 0
69.160002 13.868280 0
56.765859 11.121530 0
71.354194 186.527704 0
-3.392429 -55.962045 0
3.917982 79.655762 0
309.894957 -80.079489 0
-345.002613 95.374707 0
228.851578 -0.863918 0
-95.766067 75.783133 0
236.290285 -49.810788 0
118.960192 -4.515742 0
121.893710 -5.822914 0
32.964886 -22.070715 0
65.123650 122.370633 0
53.310635 41.396568 0
69.430944 13.931800 0
57.703775 12.173489 0
72.648159 193.024365 0
-4.300788 -58.265820 0
3.788972 81.394301 0
314.567486 -82.196307 0
-356.724977 97.459099 0
231.519387 -1.116245 0
-103.266597 78.084831 0
241.657777 -52.231205 0
122.587574 -7.821083 0
124.494559 -5.716196 0
