15
90.000000 0.000000 0
80.000000 0.000000 0
70.000000 0.000000 0
60.000000 0.000000 0
50.000000 0.000000 0
40.000000 0.000000 0
30.000000 0.000000 0
20.000000 0.000000 0
140.000000 0.000000 0
130.000000 0.000000 0
120.000000 0.000000 0
110.000000 0.000000 0
100.000000 0.000000 0
10.000000 0.000000 0
0.000000 0.000000 0
89.814722 5.774946 0
79.765508 6.125255 0
69.693724 6.548173 0
59.583125 7.072835 0
49.399700 7.747903 0
39.062031 8.662419 0
28.332500 10.002500 0
16.248125 12.250510 0
139.923431 4.630258 0
129.911198 4.805045 0
119.895781 5.001250 0
109.875971 5.223635 0
99.849925 5.478595 0
-5.007500 17.324838 0
0.000000 0.000000 0
89.259271 11.538003 0
79.062722 12.232556 0
68.776247 13.067696 0
58.335426 14.096533 0
47.606135 15.402805 0
36.270875 17.121878 0
23.429955 19.451594 0
5.850428 22.319087 0
139.693766 9.257983 0
129.644854 9.606809 0
119.583216 9.998156 0
109.504024 10.441380 0
99.399926 10.948967 0
-33.741193 30.216637 0
0.000000 0.000000 0
88.335184 17.265421 0
77.894418 18.286053 0
67.253008 19.501410 0
56.268762 20.973222 0
44.649276 22.780177 0
31.720893 24.980149 0
15.714691 27.313536 0
-8.156004 27.478853 0
139.311174 13.878112 0
129.201209 14.398727 0
119.062666 14.982036 0
108.884722 15.641463 0
98.650908 16.394687 0
-60.648627 38.187371 0
0.000000 0.000000 0
87.045546 22.933552 0
76.266183 24.250124 0
65.134971 25.792724 0
53.407114 27.606686 0
40.590021 29.701559 0
25.604064 31.870639 0
6.000545 32.831720 0
-22.357479 28.160646 0
138.775989 18.485588 0
128.580753 19.174248 0
118.334861 19.944221 0
108.019188 20.812138 0
97.604688 21.799374 0
-86.763868 45.514402 0
0.000000 0.000000 0
85.394997 28.518961 0
74.186422 30.089615 0
62.438666 31.886215 0
49.786653 33.904136 0
35.519943 36.001152 0
18.201609 37.491550 0
-4.709531 35.714588 0
-35.317449 26.182237 0
138.088717 23.075365 0
127.784215 23.926837 0
117.400892 24.876075 0
106.909115 25.941715 0
96.263996 27.146754 0
-112.493421 52.613133 0
0.000000 0.000000 0
83.389734 33.998535 0
71.666361 35.770091 0
59.186137 37.728262 0
45.455458 39.778105 0
29.559015 41.532741 0
9.859414 41.635160 0
-15.510640 36.125616 0
-46.931911 22.832316 0
137.250030 27.642412 0
126.812572 28.649986 0
116.262218 29.769009 0
105.556761 31.018588 0
94.632477 32.420709 0
-137.996389 59.598015 0
0.000000 0.000000 0
81.037495 39.349594 0
68.720006 41.258089 0
55.404812 43.267697 0
40.472830 45.148369 0
22.851137 46.176152 0
0.950963 44.203787 0
-25.777493 34.497913 0
-57.427195 18.778960 0
136.260770 32.181723 0
125.667043 33.337226 0
114.920661 34.614497 0
103.964946 36.031264 0
92.714687 37.605338 0
-163.350238 66.515338 0
0.000000 0.000000 0
78.347547 44.550013 0
65.364080 46.521383 0
51.127258 48.456468 0
34.908178 49.943793 0
15.557635 49.842332 0
-8.162902 45.207187 0
-35.176906 31.329779 0
-67.036303 14.356802 0
135.121946 36.688320 0
124.349093 37.982135 0
113.378408 39.404092 0
102.137053 40.968394 0
90.516085 42.685009 0
-188.598430 73.388133 0
0.000000 0.000000 0
75.330644 49.578335 0
61.617929 51.529242 0
46.390837 53.250271 0
28.839492 54.103970 0
7.849352 52.476316 0
-17.166912 44.743240 0
-43.586893 27.063593 0
-75.942437 9.740001 0
133.834735 41.157261 0
122.860426 42.578345 0
111.638006 44.129444 0
100.077022 45.818798 0
88.043019 47.644414 0
-213.767790 80.229445 0
0.000000 0.000000 0
71.998993 54.413885 0
57.503390 56.252689 0
41.237250 57.609151 0
22.351451 57.580537 0
-0.101806 54.057642 0
-25.810482 42.969378 0
-51.007459 22.046840 0
-84.282415 5.023763 0
132.400480 45.583643 0
121.202990 47.119558 0
109.702361 48.782316 0
97.789342 50.571500 0
85.302716 52.468635 0
-238.876050 87.047354 0
0.000000 0.000000 0
68.366197 59.036889 0
53.044636 60.664739 0
35.711983 61.498033 0
15.533261 60.338074 0
-8.130853 54.598218 0
-33.912414 40.073400 0
-57.497529 16.536508 0
-92.158316 0.262432 0
130.820690 49.962608 0
119.378970 51.599547 0
107.574731 53.354600 0
95.279043 55.215756 0
82.303255 57.143188 0
-263.935544 93.847199 0
0.000000 0.000000 0
64.447191 63.428583 0
48.267977 64.740638 0
29.863667 64.887173 0
8.476340 62.354510 0
-16.086386 54.138084 0
-41.355010 36.249709 0
-63.138530 10.717460 0
-99.647372 -4.511928 0
129.097039 54.289354 0
117.390786 56.012176 0
105.258725 57.838334 0
92.551686 59.741083 0
79.053546 61.654091 0
-288.955205 100.632687 0
0.000000 0.000000 0
60.258160 67.571317 0
43.201642 68.458063 0
23.743359 67.752498 0
1.271990 63.621029 0
-23.835361 52.739791 0
-48.072662 31.683235 0
-68.015835 4.721288 0
-106.809052 -9.279970 0
127.231362 58.559134 0
115.241096 60.351401 0
102.758295 62.225718 0
89.613348 64.137288 0
75.563299 65.987908 0
-313.941707 107.406495 0
0.000000 0.000000 0
55.816461 71.448661 0
37.875525 71.797307 0
17.403777 70.075837 0
-5.990818 64.141468 0
-31.265807 50.482211 0
-54.039124 26.540517 0
-72.210309 -1.358477 0
-113.689983 -14.029887 0
125.225656 62.767267 0
112.932783 64.611282 0
100.077729 66.509133 0
86.470612 68.394500 0
71.842991 70.131813 0
-338.900174 114.170620 0
0.000000 0.000000 0
51.140514 75.045492 0
32.320916 74.741431 0
10.898515 71.845017 0
-13.227405 63.931299 0
-38.287628 47.454509 0
-59.255923 20.966129 0
-75.795049 -7.455186 0
-120.327333 -18.754496 0
123.082078 66.909141 0
110.468961 68.785998 0
97.221644 70.681153 0
83.130546 72.503194 0
67.903826 74.073631 0
-363.834622 120.926585 0
0.000000 0.000000 0
46.249702 78.348080 0
26.570208 77.276380 0
4.281244 73.053834 0
-20.359022 63.016267 0
-44.831874 43.750807 0
-63.742981 15.082513 0
-78.834641 -13.521158 0
-126.751191 -23.449514 0
120.802939 70.980221 0
107.852962 72.869847 0
94.194979 74.734563 0
79.600687 76.454221 0
63.757693 77.801892 0
-388.748262 127.675584 0
0.000000 0.000000 0
41.164249 81.344161 0
20.656594 79.391062 0
-2.395048 73.701896 0
-27.314094 61.430797 0
-50.848937 39.465836 0
-67.531564 8.991654 0
-81.385548 -19.522150 0
-132.986247 -28.112516 0
118.390709 74.976053 0
105.088338 76.857264 0
91.002980 78.662376 0
75.889020 80.238836 0
59.417117 81.305878 0
-413.643697 134.418566 0
0.000000 0.000000 0
35.905100 84.023000 0
14.613749 81.077393 0
-9.078770 73.794353 0
-34.029062 59.216295 0
-56.306138 34.691660 0
-70.659259 2.777582 0
-83.496916 -25.433514 0
-139.053018 -32.742288 0
115.848004 78.892270 0
102.178853 80.742825 0
87.651198 82.457845 0
72.003956 83.848719 0
54.895212 84.575660 0
-438.523071 141.156299 0
0.000000 0.000000 0
30.493787 86.375435 0
8.475528 82.330293 0
-15.720379 73.341517 0
-40.448825 56.419438 0
-61.185069 29.515411 0
-73.166549 -3.490954 0
-85.211509 -31.237504 0
-144.968735 -37.338404 0
113.177592 82.724599 0
99.128477 84.521258 0
84.145469 86.114481 0
67.954305 87.276004 0
50.205622 87.602137 0
-463.388169 147.889413 0
0.000000 0.000000 0
24.952297 88.393919 0
2.275649 83.147649 0
-22.272932 72.358409 0
-46.526840 53.090540 0
-65.478975 24.017882 0
-75.094563 -9.757948 0
-86.566596 -36.921384 0
-150.748021 -41.900963 0
110.382386 86.468865 0
95.941379 88.187450 0
80.491909 89.626064 0
63.749255 90.513296 0
45.362467 90.377072 0
-488.240493 154.618432 0
0.000000 0.000000 0
19.302935 90.072539 0
-3.952600 83.530242 0
-28.692551 70.864238 0
-52.224924 49.282070 0
-69.190324 18.272813 0
-76.483666 -15.977889 0
-87.594756 -42.476077 0
-156.403392 -46.430402 0
107.465440 90.120997 0
92.621924 91.736460 0
76.696895 92.986659 0
59.398343 93.553697 0
40.380279 92.893122 0
-513.081319 161.343796 0
0.000000 0.000000 0
13.568185 91.407022 0
-10.176640 83.481634 0
-34.938782 68.881836 0
-57.512834 45.047353 0
-72.328692 12.346672 0
-77.372613 -22.113838 0
-88.324569 -47.895200 0
-161.945649 -50.927378 0
104.429945 93.677034 0
89.174662 95.163522 0
72.767055 96.190627 0
54.911420 96.390823 0
35.273940 95.143855 0
-537.911742 168.065875 0
0.000000 0.000000 0
7.770571 92.394733 0
-16.364860 83.008028 0
-40.974849 66.437081 0
-62.367682 40.439484 0
-74.908954 6.298800 0
-77.798101 -28.135830 0
-88.781213 -53.174365 0
-167.384180 -55.392687 0
101.279230 97.133129 0
85.604324 98.464055 0
68.709252 99.232638 0
50.298632 99.018820 0
30.058620 97.123776 0
-562.732705 174.784990 0
0.000000 0.000000 0
1.932523 93.034655 0
-22.486850 82.118096 0
-46.767813 63.558315 0
-66.773246 35.510444 0
-76.949803 0.181772 0
-77.794550 -34.019561 0
-88.986956 -58.310662 0
-172.727203 -59.827207 0
98.016749 100.485556 0
81.915810 101.633671 0
64.530567 102.107682 0
45.570378 101.432379 0
24.749709 98.828337 0
-587.545031 181.501412 0
0.000000 0.000000 0
-3.923754 93.327352 0
-28.513610 80.822792 0
-52.288638 60.275779 0
-70.719239 30.310428 0
-78.472567 -5.958108 0
-77.394068 -39.745311 0
-88.961581 -63.302287 0
-177.981954 -64.231859 0
94.646084 103.730711 0
78.114185 104.668183 0
60.238287 104.811079 0
40.737284 103.626753 0
19.362748 100.253945 0
-612.349437 188.215382 0
0.000000 0.000000 0
-9.776406 93.274927 0
-34.417717 79.135136 0
-57.512173 56.621081 0
-74.200562 24.887345 0
-79.500266 -12.080242 0
-76.626491 -45.297085 0
-88.722734 -68.148255 0
-183.154836 -68.607583 0
91.170938 106.865121 0
74.204667 107.563610 0
55.839884 107.338490 0
35.810164 105.597763 0
13.913365 101.397963 0
-637.146555 194.927106 0
0.000000 0.000000 0
-15.604046 92.880964 0
-40.173475 77.070003 0
-62.417074 52.626698 0
-77.216579 19.286480 0
-80.056890 -18.149163 0
-75.519502 -50.661903 0
-88.286224 -72.848196 0
-188.251552 -72.955315 0
87.595130 109.885447 0
70.192621 110.316185 0
51.342999 109.685923 0
30.799993 107.341807 0
8.417210 102.258708 0
-661.936946 201.636766 0
0.000000 0.000000 0
-21.385870 92.150460 0
-45.757022 74.643888 0
-66.985654 48.325539 0
-79.770438 13.550288 0
-80.166856 -24.133979 0
-74.098761 -55.829238 0
-87.666266 -77.402190 0
-193.277197 -77.275981 0
83.922588 112.788488 0
66.083546 112.922360 0
46.755425 111.849742 0
25.717867 108.855869 0
2.889884 102.835444 0
-686.721106 208.344524 0
0.000000 0.000000 0
-27.101752 91.089750 0
-51.146414 71.874676 0
-71.203706 43.750547 0
-81.868445 7.718295 0
-79.854598 -30.007832 0
-72.388064 -60.790556 0
-86.875695 -81.810653 0
-198.236351 -81.570484 0
80.157347 115.571184 0
61.883069 115.378810 0
42.085089 113.826675 0
20.574970 110.137517 0
-2.653119 103.128362 0
-711.499479 215.050523 0
0.000000 0.000000 0
-32.732338 89.706419 0
-56.321672 68.781421 0
-75.060281 38.934361 0
-83.519500 1.827082 0
-79.144271 -35.747421 0
-70.409499 -65.538944 0
-85.926143 -86.074239 0
-203.133140 -85.839699 0
76.303541 118.230623 0
57.596932 117.682445 0
37.340031 115.613814 0
15.382540 111.184910 0
-8.196479 103.138566 0
-736.272463 221.754890 0
0.000000 0.000000 0
-38.259124 88.009217 0
-61.264809 65.384114 0
-78.547450 33.909035 0
-84.734606 -4.089665 0
-78.059545 -41.332555 0
-68.183598 -70.068815 0
-84.828189 -90.193773 0
-207.971300 -90.084475 0
72.365400 120.764041 0
53.230983 119.830403 0
32.528387 117.208628 0
10.151831 111.996793 0
-13.725107 102.868049 0
-761.040417 228.457739 0
0.000000 0.000000 0
-43.664528 86.007957 0
-65.959826 61.703478 0
-81.660055 28.705798 0
-85.526429 -10.001062 0
-76.623466 -46.745760 0
-65.729481 -74.375655 0
-83.591491 -94.170196 0
-212.754226 -94.305626 0
68.347241 123.168829 0
48.791166 121.820067 0
27.658372 118.608955 0
4.894085 112.572495 0
-19.224199 102.319658 0
-785.803664 235.159172 0
0.000000 0.000000 0
-48.931946 83.713420 0
-70.392690 57.760764 0
-84.395450 23.354869 0
-85.908931 -15.878899 0
-74.858360 -51.971934 0
-63.064996 -78.455831 0
-82.224892 -98.004524 0
-217.485009 -98.503936 0
64.253464 125.442533 0
44.283511 123.649058 0
22.738257 119.813014 0
-0.379508 112.911920 0
-24.679296 101.497070 0
-810.562497 241.859283 0
0.000000 0.000000 0
-54.045797 81.137254 0
-74.551288 53.577562 0
-86.753252 17.885314 0
-85.897052 -21.697490 0
-72.785789 -56.998033 0
-60.206843 -82.306424 0
-80.736519 -101.697816 0
-222.166477 -102.680154 0
60.088545 127.582860 0
39.714120 125.315243 0
17.776349 120.819400 0
-5.657839 113.015543 0
-30.076328 100.404749 0
-835.317183 248.558154 0
0.000000 0.000000 0
-58.991563 78.291867 0
-78.425371 49.175634 0
-88.735093 12.324939 0
-85.506444 -27.433517 0
-70.426528 -61.812812 0
-57.170694 -85.925099 0
-79.133864 -105.251147 0
-226.801219 -106.834998 0
55.857032 129.587677 0
35.089160 126.816738 0
12.780978 121.627086 0
-10.929915 112.884396 0
-35.401661 99.047910 0
-860.067965 255.255862 0
0.000000 0.000000 0
-63.755810 75.190334 0
-82.006480 44.576750 0
-90.344385 6.700216 0
-84.753248 -33.065863 0
-67.800560 -66.406583 0
-53.971294 -89.309995 0
-77.423855 -108.665589 0
-231.391619 -110.969157 0
51.563534 131.455017 0
30.414849 128.151906 0
7.760472 122.235422 0
-16.184885 112.520056 0
-40.642140 97.432475 0
-884.815067 261.952476 0
0.000000 0.000000 0
-68.326206 71.846290 0
-85.287859 39.802556 0
-91.586104 1.036244 0
-83.653917 -38.575448 0
-64.927099 -70.771019 0
-50.622566 -92.459634 0
-75.612918 -111.942200 0
-235.939870 -115.083286 0
47.212720 133.183078 0
25.697447 129.319363 0
2.723142 122.644128 0
-21.412077 111.924632 0
-45.785124 95.565029 0
-909.558690 268.648060 0
0.000000 0.000000 0
-72.691525 68.273838 0
-88.264370 34.874448 0
-92.466580 -4.643276 0
-82.225063 -43.945072 0
-61.824610 -74.898975 0
-47.137692 -95.372849 0
-73.707032 -115.082005 0
-240.448000 -119.178014 0
42.809308 134.770228 0
20.943242 130.317975 0
-2.322741 122.853297 0
-26.601019 111.100746 0
-50.818520 93.452772 0
-934.299024 275.342670 0
0.000000 0.000000 0
-76.841646 64.487453 0
-90.932393 29.813464 0
-92.993311 -10.316040 0
-80.483340 -49.159258 0
-58.510844 -78.784334 0
-43.529203 -98.048722 0
-71.711775 -118.085994 0
-244.917886 -123.253941 0
38.358061 136.215004 0
16.158542 131.146860 0
-7.368958 122.863385 0
-31.741469 110.051518 0
-55.730814 91.103474 0
-959.036240 282.036361 0
0.000000 0.000000 0
-80.767541 60.501892 0
-93.289725 24.640195 0
-93.174792 -15.961121 0
-78.445346 -54.204107 0
-55.002879 -82.421881 0
-39.809047 -100.486534 0
-69.632366 -120.955112 0
-249.351269 -127.311639 0
33.863778 137.516112 0
11.349663 131.805386 0
-12.407366 122.675210 0
-36.823441 108.780544 0
-60.511088 88.525423 0
-983.770498 288.729180 0
0.000000 0.000000 0
-84.461258 56.332112 0
-95.335481 19.374704 0
-93.020358 -21.558945 0
-76.127553 -59.067168 0
-51.317159 -85.807186 0
-35.988663 -102.685727 0
-67.473706 -123.690253 0
-253.749767 -131.351657 0
29.331292 138.672434 0
6.522917 132.293173 0
-17.429910 122.289939 0
-41.837226 107.291875 0
-65.149048 85.727378 0
-1008.501945 295.421174 0
0.000000 0.000000 0
-87.915897 51.993191 0
-97.069991 14.036469 0
-92.540048 -27.091250 0
-73.546250 -63.737303 0
-47.469539 -88.936508 0
-32.079039 -104.645863 0
-65.240404 -126.292259 0
-258.114889 -135.374519 0
24.765457 139.683020 0
1.684602 132.610088 0
-22.428643 121.709085 0
-46.773416 105.589997 0
-69.635031 82.718519 0
-1033.230719 302.112384 0
0.000000 0.000000 0
-91.125581 47.500251 0
-98.494704 8.644327 0
-91.744477 -32.541041 0
-70.717496 -68.204577 0
-43.475331 -91.806712 0
-28.090774 -106.366604 0
-62.936811 -128.761911 0
-262.448041 -139.380725 0
20.171145 140.547095 0
-3.159010 132.756245 0
-27.395740 120.934499 0
-51.622920 103.679805 0
-73.960023 79.508398 0
-1057.956945 308.802848 0
0.000000 0.000000 0
-94.085423 42.868393 0
-99.612086 3.216436 0
-90.644731 -37.892540 0
-67.657096 -72.460152 0
-39.349343 -94.415196 0
-24.034132 -107.847685 0
-60.567046 -131.099936 0
-266.750539 -143.370754 0
15.553239 141.264058 0
-8.001681 132.732002 0
-32.323514 119.968358 0
-56.376985 101.566582 0
-78.115663 76.106888 0
-1082.680742 315.492603 0
0.000000 0.000000 0
-96.791488 38.112637 0
-100.425531 -2.229752 0
-89.252272 -43.131128 0
-64.380576 -76.496185 0
-35.105927 -96.759831 0
-19.919089 -109.088896 0
-58.135017 -133.306994 0
-271.023613 -147.345065 0
10.916626 141.833477 0
-12.837220 132.537957 0
-37.204433 118.813154 0
-61.027210 99.255971 0
-82.094245 72.524143 0
-1107.402220 322.181681 0
0.000000 0.000000 0
-99.240756 33.247859 0
-100.939270 -7.677515 0
-87.578848 -48.243296 0
-60.903171 -80.305743 0
-30.759020 -98.838910 0
-15.755388 -110.090072 0
-55.644445 -135.383688 0
-275.268418 -151.304096 0
6.266190 142.255094 0
-17.659492 132.174945 0
-42.031128 117.471687 0
-65.565561 96.753952 0
-85.888722 68.770542 0
-1132.121482 328.870114 0
0.000000 0.000000 0
-101.431074 28.288747 0
-101.158288 -13.110869 0
-85.636426 -53.216582 0
-57.239824 -83.882726 0
-26.322184 -100.651103 0
-11.552574 -110.851075 0
-53.098880 -137.330554 0
-279.486038 -155.248268 0
1.606806 142.528823 0
-22.462428 131.644034 0
-46.796413 115.947051 0
-69.984382 94.066817 0
-89.492698 64.856655 0
-1156.838623 335.557931 0
0.000000 0.000000 0
-103.361118 23.249755 0
-101.088241 -18.514578 0
-83.437130 -58.039518 0
-53.405178 -87.221790 0
-21.808649 -102.195419 0
-7.320046 -111.371792 0
-50.501722 -139.148065 0
-283.677494 -159.177984 0
-3.056669 142.654744 0
-27.240033 130.946521 0
-51.493290 114.242621 0
-74.276406 91.201143 0
-92.900427 60.793191 0
-1181.553734 342.245158 0
0.000000 0.000000 0
-105.030346 18.145061 0
-100.735385 -23.874149 0
-80.993182 -62.701574 0
-49.413585 -90.318286 0
-17.231349 -103.471179 0
-3.067094 -111.652128 0
-47.856234 -140.836630 0
-287.843746 -163.093629 0
-7.719396 142.633109 0
-31.986399 130.083926 0
-56.114968 112.362044 0
-78.434759 88.163766 0
-96.106797 56.590965 0
-1206.266899 348.931821 0
0.000000 0.000000 0
-106.438952 12.988536 0
-100.106507 -29.175829 0
-78.316862 -67.193106 0
-45.279110 -93.168201 0
-12.602960 -104.477988 0
1.197063 -111.692002 0
-45.165557 -142.396592 0
-291.985699 -166.995575 0
-12.376570 142.464333 0
-36.695710 129.057984 0
-60.654865 110.309222 0
-82.452974 84.961755 0
-99.107327 52.260854 0
-1230.978197 355.617944 0
0.000000 0.000000 0
-107.587823 7.793712 0
-99.208860 -34.406595 0
-75.420467 -71.505301 0
-41.015543 -95.768110 0
-7.935937 -105.215720 0
5.463234 -111.491348 0
-42.432725 -143.828230 0
-296.104209 -170.884176 0
-17.023418 142.149000 0
-41.362252 127.870646 0
-65.106624 108.088299 0
-86.324989 81.602389 0
-101.898146 47.813764 0
-1255.687703 362.303549 0
0.000000 0.000000 0
-108.478493 2.573759 0
-98.050100 -39.554142 0
-72.316279 -75.630130 0
-36.636406 -98.115126 0
-3.242546 -105.684496 0
9.722221 -111.050116 0
-39.660678 -145.131757 0
-300.200083 -174.759774 0
-21.655207 141.687851 0
-45.980423 126.524067 0
-69.464120 105.703652 0
-90.045151 78.093130 0
-104.475982 43.260592 0
-1280.395486 368.988656 0
0.000000 0.000000 0
-109.113100 -2.658536 0
-96.638242 -44.606864 0
-69.016541 -79.560301 0
-32.154973 -100.206863 0
1.465099 -105.884681 0
13.964781 -110.368275 0
-36.852268 -146.307320 0
-304.274088 -178.622697 0
-26.267253 141.081789 0
-50.544736 125.020599 0
-73.721465 103.159872 0
-93.608221 74.441600 0
-106.838142 38.612201 0
-1305.101613 375.673286 0
0.000000 0.000000 0
-109.494340 -7.890786 0
-94.981599 -49.553842 0
-65.533431 -83.289217 0
-27.584277 -102.041401 0
6.175010 -105.816872 0
18.181585 -109.445824 0
-34.010279 -147.354999 0
-308.326947 -182.473258 0
-30.854924 140.331876 0
-55.049832 123.362790 0
-77.873017 100.461749 0
-97.009368 70.655554 0
-108.982497 33.879382 0
-1329.806146 382.357456 0
0.000000 0.000000 0
-109.625430 -13.111016 0
-93.088748 -54.384817 0
-61.879047 -86.810930 0
-22.937129 -103.617254 0
10.875288 -105.481897 0
22.363188 -108.282796 0
-31.137430 -148.274808 0
-312.359348 -186.311763 0
-35.413646 139.439323 0
-59.490482 121.553369 0
-81.913388 97.614264 0
-100.244173 66.742860 0
-110.907458 29.072833 0
-1354.509144 389.041185 0
0.000000 0.000000 0
-109.510067 -18.307675 0
-90.968480 -59.090176 0
-58.065394 -90.120106 0
-18.226130 -104.933345 0
15.554096 -104.880815 0
26.499982 -106.879272 0
-28.236387 -149.066696 0
-316.371944 -190.138500 0
-39.938909 138.405495 0
-63.861598 119.595248 0
-85.837444 94.622570 0
-103.308623 62.711476 0
-112.611961 24.203133 0
-1379.210661 395.724489 0
0.000000 0.000000 0
-109.152385 -23.469639 0
-88.629771 -63.660928 0
-54.104372 -93.211988 0
-13.463691 -105.988983 0
20.199633 -104.014923 0
30.582160 -105.235396 0
-25.309773 -149.730542 0
-320.365356 -193.953752 0
-44.426273 137.231904 0
-68.158234 117.491503 0
-89.640311 91.491977 0
-106.199105 58.569427 0
-114.095441 19.280715 0
-1403.910752 402.407383 0
0.000000 0.000000 0
-108.556925 -28.586222 0
-86.081746 -68.088681 0
-50.007767 -96.082365 0
-8.662043 -106.783844 0
24.800104 -102.885758 0
34.599682 -103.351392 0
-22.360179 -150.266158 0
-324.340172 -197.757788 0
-48.871370 135.920203 0
-72.375595 115.245378 0
-93.317380 88.227941 0
-108.912406 54.324784 0
-115.357813 14.315852 0
-1428.609466 409.089882 0
0.000000 0.000000 0
-107.728594 -33.647169 0
-83.333649 -72.365623 0
-45.787249 -98.727537 0
-3.833255 -107.317957 0
29.343693 -101.495115 0
38.542223 -101.227586 0
-19.390166 -150.673288 0
-328.296956 -201.550868 0
-53.269912 134.472188 0
-76.509042 112.860268 0
-96.864310 84.836049 0
-111.445701 49.985645 0
-116.399448 9.318635 0
-1453.306851 415.772000 0
0.000000 0.000000 0
-106.672636 -38.642664 0
-80.394816 -76.484497 0
-41.454364 -101.144291 0
1.010750 -107.591689 0
33.818543 -99.845055 0
42.399142 -98.864434 0
-16.402283 -150.951606 0
-332.236241 -205.333244 0
-57.617695 132.889787 0
-80.554096 110.339716 0
-100.277024 81.322003 0
-113.796550 45.560119 0
-117.221154 4.298956 0
-1478.002950 422.453750 0
0.000000 0.000000 0
