20
-47.552826 15.450850 0
-40.450850 29.389263 0
-29.389263 40.450850 0
-15.450850 47.552826 0
0.000000 50.000000 0
15.450850 47.552826 0
29.389263 40.450850 0
40.450850 29.389263 0
47.552826 -15.450850 0
40.450850 -29.389263 0
29.389263 -40.450850 0
15.450850 -47.552826 0
-0.000000 -50.000000 0
-15.450850 -47.552826 0
-29.389263 -40.450850 0
-40.450850 -29.389263 0
-47.552826 -15.450850 0
-50.000000 0.000000 0
47.552826 15.450850 0
50.000000 0.000000 0
-48.492539 15.756181 0
-41.250217 29.970037 0
-29.970037 41.250217 0
-15.756181 48.492539 0
0.000000 50.988073 0
15.756181 48.492539 0
29.970037 41.250217 0
41.250217 29.970037 0
48.492539 -15.756181 0
41.250217 -29.970037 0
29.970037 -41.250217 0
15.756181 -48.492539 0
-0.000000 -50.988073 0
-15.756181 -48.492539 0
-29.970037 -41.250217 0
-41.250217 -29.970037 0
-48.492539 -15.756181 0
-50.988073 0.000000 0
48.492539 15.756181 0
50.988073 0.000000 0
-49.410000 16.054282 0
-42.030656 30.537059 0
-30.537059 42.030656 0
-16.054282 49.410000 0
0.000000 51.952748 0
16.054282 49.410000 0
30.537059 42.030656 0
42.030656 30.537059 0
49.410000 -16.054282 0
42.030656 -30.537059 0
30.537059 -42.030656 0
16.054282 -49.410000 0
-0.000000 -51.952748 0
-16.054282 -49.410000 0
-30.537059 -42.030656 0
-42.030656 -30.537059 0
-49.410000 -16.054282 0
-51.952748 0.000000 0
49.410000 16.054282 0
51.952748 0.000000 0
-50.306046 16.345425 0
-42.792878 31.090846 0
-31.090846 42.792878 0
-16.345425 50.306046 0
0.000000 52.894907 0
16.345425 50.306046 0
31.090846 42.792878 0
42.792878 31.090846 0
50.306046 -16.345425 0
42.792878 -31.090846 0
31.090846 -42.792878 0
16.345425 -50.306046 0
-0.000000 -52.894907 0
-16.345425 -50.306046 0
-31.090846 -42.792878 0
-42.792878 -31.090846 0
-50.306046 -16.345425 0
-52.894907 0.000000 0
50.306046 16.345425 0
52.894907 0.000000 0
-51.181449 16.629861 0
-43.537541 31.631875 0
-31.631875 43.537541 0
-16.629861 51.181449 0
0.000000 53.815360 0
16.629861 51.181449 0
31.631875 43.537541 0
43.537541 31.631875 0
51.181449 -16.629861 0
43.537541 -31.631875 0
31.631875 -43.537541 0
16.629861 -51.181449 0
-0.000000 -53.815360 0
-16.629861 -51.181449 0
-31.631875 -43.537541 0
-43.537541 -31.631875 0
-51.181449 -16.629861 0
-53.815360 0.000000 0
51.181449 16.629861 0
53.815360 0.000000 0
-52.036924 16.907821 0
-44.265251 32.160587 0
-32.160587 44.265251 0
-16.907821 52.036924 0
0.000000 54.714859 0
16.907821 52.036924 0
32.160587 44.265251 0
44.265251 32.160587 0
52.036924 -16.907821 0
44.265251 -32.160587 0
32.160587 -44.265251 0
16.907821 -52.036924 0
-0.000000 -54.714859 0
-16.907821 -52.036924 0
-32.160587 -44.265251 0
-44.265251 -32.160587 0
-52.036924 -16.907821 0
-54.714859 0.000000 0
52.036924 16.907821 0
54.714859 0.000000 0
-52.873134 17.179522 0
-44.976574 32.677394 0
-32.677394 44.976574 0
-17.179522 52.873134 0
0.000000 55.594103 0
17.179522 52.873134 0
32.677394 44.976574 0
44.976574 32.677394 0
52.873134 -17.179522 0
44.976574 -32.677394 0
32.677394 -44.976574 0
17.179522 -52.873134 0
-0.000000 -55.594103 0
-17.179522 -52.873134 0
-32.677394 -44.976574 0
-44.976574 -32.677394 0
-52.873134 -17.179522 0
-55.594103 0.000000 0
52.873134 17.179522 0
55.594103 0.000000 0
-53.690695 17.445164 0
-45.672033 33.182674 0
-33.182674 45.672033 0
-17.445164 53.690695 0
0.000000 56.453738 0
17.445164 53.690695 0
33.182674 45.672033 0
45.672033 33.182674 0
53.690695 -17.445164 0
45.672033 -33.182674 0
33.182674 -45.672033 0
17.445164 -53.690695 0
-0.000000 -56.453738 0
-17.445164 -53.690695 0
-33.182674 -45.672033 0
-45.672033 -33.182674 0
-53.690695 -17.445164 0
-56.453738 0.000000 0
53.690695 17.445164 0
56.453738 0.000000 0
-54.490183 17.704934 0
-46.352118 33.676785 0
-33.676785 46.352118 0
-17.704934 54.490183 0
0.000000 57.294369 0
17.704934 54.490183 0
33.676785 46.352118 0
46.352118 33.676785 0
54.490183 -17.704934 0
46.352118 -33.676785 0
33.676785 -46.352118 0
17.704934 -54.490183 0
-0.000000 -57.294369 0
-17.704934 -54.490183 0
-33.676785 -46.352118 0
-46.352118 -33.676785 0
-54.490183 -17.704934 0
-57.294369 0.000000 0
54.490183 17.704934 0
57.294369 0.000000 0
-55.272133 17.959005 0
-47.017284 34.160057 0
-34.160057 47.017284 0
-17.959005 55.272133 0
0.000000 58.116560 0
17.959005 55.272133 0
34.160057 47.017284 0
47.017284 34.160057 0
55.272133 -17.959005 0
47.017284 -34.160057 0
34.160057 -47.017284 0
17.959005 -55.272133 0
-0.000000 -58.116560 0
-17.959005 -55.272133 0
-34.160057 -47.017284 0
-47.017284 -34.160057 0
-55.272133 -17.959005 0
-58.116560 0.000000 0
55.272133 17.959005 0
58.116560 0.000000 0
-56.037048 18.207540 0
-47.667960 34.632800 0
-34.632800 47.667960 0
-18.207540 56.037048 0
0.000000 58.920839 0
18.207540 56.037048 0
34.632800 47.667960 0
47.667960 34.632800 0
56.037048 -18.207540 0
47.667960 -34.632800 0
34.632800 -47.667960 0
18.207540 -56.037048 0
-0.000000 -58.920839 0
-18.207540 -56.037048 0
-34.632800 -47.667960 0
-47.667960 -34.632800 0
-56.037048 -18.207540 0
-58.920839 0.000000 0
56.037048 18.207540 0
58.920839 0.000000 0
-56.785397 18.450694 0
-48.304544 35.095306 0
-35.095306 48.304544 0
-18.450694 56.785397 0
0.000000 59.707700 0
18.450694 56.785397 0
35.095306 48.304544 0
48.304544 35.095306 0
56.785397 -18.450694 0
48.304544 -35.095306 0
35.095306 -48.304544 0
18.450694 -56.785397 0
-0.000000 -59.707700 0
-18.450694 -56.785397 0
-35.095306 -48.304544 0
-48.304544 -35.095306 0
-56.785397 -18.450694 0
-59.707700 0.000000 0
56.785397 18.450694 0
59.707700 0.000000 0
-57.517623 18.688609 0
-48.927413 35.547846 0
-35.547846 48.927413 0
-18.688609 57.517623 0
0.000000 60.477608 0
18.688609 57.517623 0
35.547846 48.927413 0
48.927413 35.547846 0
57.517623 -18.688609 0
48.927413 -35.547846 0
35.547846 -48.927413 0
18.688609 -57.517623 0
-0.000000 -60.477608 0
-18.688609 -57.517623 0
-35.547846 -48.927413 0
-48.927413 -35.547846 0
-57.517623 -18.688609 0
-60.477608 0.000000 0
57.517623 18.688609 0
60.477608 0.000000 0
-58.234141 18.921419 0
-49.536919 35.990678 0
-35.990678 49.536919 0
-18.921419 58.234141 0
0.000000 61.230999 0
18.921419 58.234141 0
35.990678 49.536919 0
49.536919 35.990678 0
58.234141 -18.921419 0
49.536919 -35.990678 0
35.990678 -49.536919 0
18.921419 -58.234141 0
-0.000000 -61.230999 0
-18.921419 -58.234141 0
-35.990678 -49.536919 0
-49.536919 -35.990678 0
-58.234141 -18.921419 0
-61.230999 0.000000 0
58.234141 18.921419 0
61.230999 0.000000 0
-58.935341 19.149253 0
-50.133395 36.424044 0
-36.424044 50.133395 0
-19.149253 58.935341 0
0.000000 61.968285 0
19.149253 58.935341 0
36.424044 50.133395 0
50.133395 36.424044 0
58.935341 -19.149253 0
50.133395 -36.424044 0
36.424044 -50.133395 0
19.149253 -58.935341 0
-0.000000 -61.968285 0
-19.149253 -58.935341 0
-36.424044 -50.133395 0
-50.133395 -36.424044 0
-58.935341 -19.149253 0
-61.968285 0.000000 0
58.935341 19.149253 0
61.968285 0.000000 0
-59.621592 19.372230 0
-50.717156 36.848170 0
-36.848170 50.717156 0
-19.372230 59.621592 0
0.000000 62.689852 0
19.372230 59.621592 0
36.848170 50.717156 0
50.717156 36.848170 0
59.621592 -19.372230 0
50.717156 -36.848170 0
36.848170 -50.717156 0
19.372230 -59.621592 0
-0.000000 -62.689852 0
-19.372230 -59.621592 0
-36.848170 -50.717156 0
-50.717156 -36.848170 0
-59.621592 -19.372230 0
-62.689852 0.000000 0
59.621592 19.372230 0
62.689852 0.000000 0
-60.293242 19.590462 0
-51.288495 37.263273 0
-37.263273 51.288495 0
-19.590462 60.293242 0
0.000000 63.396067 0
19.590462 60.293242 0
37.263273 51.288495 0
51.288495 37.263273 0
60.293242 -19.590462 0
51.288495 -37.263273 0
37.263273 -51.288495 0
19.590462 -60.293242 0
-0.000000 -63.396067 0
-19.590462 -60.293242 0
-37.263273 -51.288495 0
-51.288495 -37.263273 0
-60.293242 -19.590462 0
-63.396067 -0.000000 0
60.293242 19.590462 0
63.396067 0.000000 0
-60.950620 19.804057 0
-51.847694 37.669555 0
-37.669555 51.847694 0
-19.804057 60.950620 0
0.000000 64.087275 0
19.804057 60.950620 0
37.669555 51.847694 0
51.847694 37.669555 0
60.950620 -19.804057 0
51.847694 -37.669555 0
37.669555 -51.847694 0
19.804057 -60.950620 0
-0.000000 -64.087275 0
-19.804057 -60.950620 0
-37.669555 -51.847694 0
-51.847694 -37.669555 0
-60.950620 -19.804057 0
-64.087275 -0.000000 0
60.950620 19.804057 0
64.087275 0.000000 0
-61.594037 20.013116 0
-52.395018 38.067209 0
-38.067209 52.395018 0
-20.013116 61.594037 0
0.000000 64.763803 0
20.013116 61.594037 0
38.067209 52.395018 0
52.395018 38.067209 0
61.594037 -20.013116 0
52.395018 -38.067209 0
38.067209 -52.395018 0
20.013116 -61.594037 0
-0.000000 -64.763803 0
-20.013116 -61.594037 0
-38.067209 -52.395018 0
-52.395018 -38.067209 0
-61.594037 -20.013116 0
-64.763803 -0.000000 0
61.594037 20.013116 0
64.763803 0.000000 0
-62.223788 20.217734 0
-52.930716 38.456416 0
-38.456416 52.930716 0
-20.217734 62.223788 0
0.000000 65.425963 0
20.217734 62.223788 0
38.456416 52.930716 0
52.930716 38.456416 0
62.223788 -20.217734 0
52.930716 -38.456416 0
38.456416 -52.930716 0
20.217734 -62.223788 0
-0.000000 -65.425963 0
-20.217734 -62.223788 0
-38.456416 -52.930716 0
-52.930716 -38.456416 0
-62.223788 -20.217734 0
-65.425963 -0.000000 0
62.223788 20.217734 0
65.425963 0.000000 0
-62.840153 20.418003 0
-53.455027 38.837350 0
-38.837350 53.455027 0
-20.418003 62.840153 0
0.000000 66.074047 0
20.418003 62.840153 0
38.837350 53.455027 0
53.455027 38.837350 0
62.840153 -20.418003 0
53.455027 -38.837350 0
38.837350 -53.455027 0
20.418003 -62.840153 0
-0.000000 -66.074047 0
-20.418003 -62.840153 0
-38.837350 -53.455027 0
-53.455027 -38.837350 0
-62.840153 -20.418003 0
-66.074047 -0.000000 0
62.840153 20.418003 0
66.074047 0.000000 0
-63.443397 20.614009 0
-53.968177 39.210176 0
-39.210176 53.968177 0
-20.614009 63.443397 0
0.000000 66.708335 0
20.614009 63.443397 0
39.210176 53.968177 0
53.968177 39.210176 0
63.443397 -20.614009 0
53.968177 -39.210176 0
39.210176 -53.968177 0
20.614009 -63.443397 0
-0.000000 -66.708335 0
-20.614009 -63.443397 0
-39.210176 -53.968177 0
-53.968177 -39.210176 0
-63.443397 -20.614009 0
-66.708335 -0.000000 0
63.443397 20.614009 0
66.708335 0.000000 0
-64.033772 20.805834 0
-54.470380 39.575048 0
-39.575048 54.470380 0
-20.805834 64.033772 0
0.000000 67.329092 0
20.805834 64.033772 0
39.575048 54.470380 0
54.470380 39.575048 0
64.033772 -20.805834 0
54.470380 -39.575048 0
39.575048 -54.470380 0
20.805834 -64.033772 0
-0.000000 -67.329092 0
-20.805834 -64.033772 0
-39.575048 -54.470380 0
-54.470380 -39.575048 0
-64.033772 -20.805834 0
-67.329092 -0.000000 0
64.033772 20.805834 0
67.329092 0.000000 0
-64.611519 20.993555 0
-54.961841 39.932115 0
-39.932115 54.961841 0
-20.993555 64.611519 0
0.000000 67.936571 0
20.993555 64.611519 0
39.932115 54.961841 0
54.961841 39.932115 0
64.611519 -20.993555 0
54.961841 -39.932115 0
39.932115 -54.961841 0
20.993555 -64.611519 0
-0.000000 -67.936571 0
-20.993555 -64.611519 0
-39.932115 -54.961841 0
-54.961841 -39.932115 0
-64.611519 -20.993555 0
-67.936571 -0.000000 0
64.611519 20.993555 0
67.936571 0.000000 0
-65.176865 21.177247 0
-55.442753 40.281518 0
-40.281518 55.442753 0
-21.177247 65.176865 0
0.000000 68.531012 0
21.177247 65.176865 0
40.281518 55.442753 0
55.442753 40.281518 0
65.176865 -21.177247 0
55.442753 -40.281518 0
40.281518 -55.442753 0
21.177247 -65.176865 0
-0.000000 -68.531012 0
-21.177247 -65.176865 0
-40.281518 -55.442753 0
-55.442753 -40.281518 0
-65.176865 -21.177247 0
-68.531012 -0.000000 0
65.176865 21.177247 0
68.531012 0.000000 0
-65.730029 21.356981 0
-55.913302 40.623392 0
-40.623392 55.913302 0
-21.356981 65.730029 0
0.000000 69.112642 0
21.356981 65.730029 0
40.623392 55.913302 0
55.913302 40.623392 0
65.730029 -21.356981 0
55.913302 -40.623392 0
40.623392 -55.913302 0
21.356981 -65.730029 0
-0.000000 -69.112642 0
-21.356981 -65.730029 0
-40.623392 -55.913302 0
-55.913302 -40.623392 0
-65.730029 -21.356981 0
-69.112642 -0.000000 0
65.730029 21.356981 0
69.112642 0.000000 0
-66.271217 21.532824 0
-56.373664 40.957864 0
-40.957864 56.373664 0
-21.532824 66.271217 0
0.000000 69.681681 0
21.532824 66.271217 0
40.957864 56.373664 0
56.373664 40.957864 0
66.271217 -21.532824 0
56.373664 -40.957864 0
40.957864 -56.373664 0
21.532824 -66.271217 0
-0.000000 -69.681681 0
-21.532824 -66.271217 0
-40.957864 -56.373664 0
-56.373664 -40.957864 0
-66.271217 -21.532824 0
-69.681681 -0.000000 0
66.271217 21.532824 0
69.681681 0.000000 0
-66.800627 21.704839 0
-56.824007 41.285058 0
-41.285058 56.824007 0
-21.704839 66.800627 0
0.000000 70.238336 0
21.704839 66.800627 0
41.285058 56.824007 0
56.824007 41.285058 0
66.800627 -21.704839 0
56.824007 -41.285058 0
41.285058 -56.824007 0
21.704839 -66.800627 0
-0.000000 -70.238336 0
-21.704839 -66.800627 0
-41.285058 -56.824007 0
-56.824007 -41.285058 0
-66.800627 -21.704839 0
-70.238336 -0.000000 0
66.800627 21.704839 0
70.238336 0.000000 0
-67.318448 21.873090 0
-57.264492 41.605089 0
-41.605089 57.264492 0
-21.873090 67.318448 0
0.000000 70.782805 0
21.873090 67.318448 0
41.605089 57.264492 0
57.264492 41.605089 0
67.318448 -21.873090 0
57.264492 -41.605089 0
41.605089 -57.264492 0
21.873090 -67.318448 0
-0.000000 -70.782805 0
-21.873090 -67.318448 0
-41.605089 -57.264492 0
-57.264492 -41.605089 0
-67.318448 -21.873090 0
-70.782805 -0.000000 0
67.318448 21.873090 0
70.782805 0.000000 0
-67.824861 22.037633 0
-57.695273 41.918069 0
-41.918069 57.695273 0
-22.037633 67.824861 0
0.000000 71.315279 0
22.037633 67.824861 0
41.918069 57.695273 0
57.695273 41.918069 0
67.824861 -22.037633 0
57.695273 -41.918069 0
41.918069 -57.695273 0
22.037633 -67.824861 0
-0.000000 -71.315279 0
-22.037633 -67.824861 0
-41.918069 -57.695273 0
-57.695273 -41.918069 0
-67.824861 -22.037633 0
-71.315279 -0.000000 0
67.824861 22.037633 0
71.315279 0.000000 0
-68.320038 22.198526 0
-58.116495 42.224105 0
-42.224105 58.116495 0
-22.198526 68.320038 0
-0.000000 71.835939 0
22.198526 68.320038 0
42.224105 58.116495 0
58.116495 42.224105 0
68.320038 -22.198526 0
58.116495 -42.224105 0
42.224105 -58.116495 0
22.198526 -68.320038 0
-0.000000 -71.835939 0
-22.198526 -68.320038 0
-42.224105 -58.116495 0
-58.116495 -42.224105 0
-68.320038 -22.198526 0
-71.835939 -0.000000 0
68.320038 22.198526 0
71.835939 0.000000 0
-68.804143 22.355821 0
-58.528300 42.523299 0
-42.523299 58.528300 0
-22.355821 68.804143 0
-0.000000 72.344957 0
22.355821 68.804143 0
42.523299 58.528300 0
58.528300 42.523299 0
68.804143 -22.355821 0
58.528300 -42.523299 0
42.523299 -58.528300 0
22.355821 -68.804143 0
-0.000000 -72.344957 0
-22.355821 -68.804143 0
-42.523299 -58.528300 0
-58.528300 -42.523299 0
-68.804143 -22.355821 0
-72.344957 -0.000000 0
68.804143 22.355821 0
72.344957 0.000000 0
-69.277334 22.509570 0
-58.930820 42.815747 0
-42.815747 58.930820 0
-22.509570 69.277334 0
-0.000000 72.842499 0
22.509570 69.277334 0
42.815747 58.930820 0
58.930820 42.815747 0
69.277334 -22.509570 0
58.930820 -42.815747 0
42.815747 -58.930820 0
22.509570 -69.277334 0
-0.000000 -72.842499 0
-22.509570 -69.277334 0
-42.815747 -58.930820 0
-58.930820 -42.815747 0
-69.277334 -22.509570 0
-72.842499 -0.000000 0
69.277334 22.509570 0
72.842499 0.000000 0
-69.739761 22.659822 0
-59.324184 43.101543 0
-43.101543 59.324184 0
-22.659822 69.739761 0
-0.000000 73.328725 0
22.659822 69.739761 0
43.101543 59.324184 0
59.324184 43.101543 0
69.739761 -22.659822 0
59.324184 -43.101543 0
43.101543 -59.324184 0
22.659822 -69.739761 0
-0.000000 -73.328725 0
-22.659822 -69.739761 0
-43.101543 -59.324184 0
-59.324184 -43.101543 0
-69.739761 -22.659822 0
-73.328725 -0.000000 0
69.739761 22.659822 0
73.328725 0.000000 0
-70.191571 22.806624 0
-59.708516 43.380776 0
-43.380776 59.708516 0
-22.806624 70.191571 0
-0.000000 73.803785 0
22.806624 70.191571 0
43.380776 59.708516 0
59.708516 43.380776 0
70.191571 -22.806624 0
59.708516 -43.380776 0
43.380776 -59.708516 0
22.806624 -70.191571 0
-0.000000 -73.803785 0
-22.806624 -70.191571 0
-43.380776 -59.708516 0
-59.708516 -43.380776 0
-70.191571 -22.806624 0
-73.803785 -0.000000 0
70.191571 22.806624 0
73.803785 0.000000 0
-70.632899 22.950020 0
-60.083933 43.653532 0
-43.653532 60.083933 0
-22.950020 70.632899 0
-0.000000 74.267825 0
22.950020 70.632899 0
43.653532 60.083933 0
60.083933 43.653532 0
70.632899 -22.950020 0
60.083933 -43.653532 0
43.653532 -60.083933 0
22.950020 -70.632899 0
-0.000000 -74.267825 0
-22.950020 -70.632899 0
-43.653532 -60.083933 0
-60.083933 -43.653532 0
-70.632899 -22.950020 0
-74.267825 -0.000000 0
70.632899 22.950020 0
74.267825 0.000000 0
-71.063880 23.090054 0
-60.450547 43.919893 0
-43.919893 60.450547 0
-23.090054 71.063880 0
-0.000000 74.720985 0
23.090054 71.063880 0
43.919893 60.450547 0
60.450547 43.919893 0
71.063880 -23.090054 0
60.450547 -43.919893 0
43.919893 -60.450547 0
23.090054 -71.063880 0
-0.000000 -74.720985 0
-23.090054 -71.063880 0
-43.919893 -60.450547 0
-60.450547 -43.919893 0
-71.063880 -23.090054 0
-74.720985 -0.000000 0
71.063880 23.090054 0
74.720985 0.000000 0
-71.484640 23.226768 0
-60.808467 44.179937 0
-44.179937 60.808467 0
-23.226768 71.484640 0
-0.000000 75.163399 0
23.226768 71.484640 0
44.179937 60.808467 0
60.808467 44.179937 0
71.484640 -23.226768 0
60.808467 -44.179937 0
44.179937 -60.808467 0
23.226768 -71.484640 0
-0.000000 -75.163399 0
-23.226768 -71.484640 0
-44.179937 -60.808467 0
-60.808467 -44.179937 0
-71.484640 -23.226768 0
-75.163399 -0.000000 0
71.484640 23.226768 0
75.163399 0.000000 0
-71.895301 23.360199 0
-61.157796 44.433740 0
-44.433740 61.157796 0
-23.360199 71.895301 0
-0.000000 75.595193 0
23.360199 71.895301 0
44.433740 61.157796 0
61.157796 44.433740 0
71.895301 -23.360199 0
61.157796 -44.433740 0
44.433740 -61.157796 0
23.360199 -71.895301 0
-0.000000 -75.595193 0
-23.360199 -71.895301 0
-44.433740 -61.157796 0
-61.157796 -44.433740 0
-71.895301 -23.360199 0
-75.595193 -0.000000 0
71.895301 23.360199 0
75.595193 0.000000 0
-72.295980 23.490388 0
-61.498634 44.681373 0
-44.681373 61.498634 0
-23.490388 72.295980 0
-0.000000 76.016492 0
23.490388 72.295980 0
44.681373 61.498634 0
61.498634 44.681373 0
72.295980 -23.490388 0
61.498634 -44.681373 0
44.681373 -61.498634 0
23.490388 -72.295980 0
-0.000000 -76.016492 0
-23.490388 -72.295980 0
-44.681373 -61.498634 0
-61.498634 -44.681373 0
-72.295980 -23.490388 0
-76.016492 -0.000000 0
72.295980 23.490388 0
76.016492 0.000000 0
-72.686788 23.617369 0
-61.831075 44.922906 0
-44.922906 61.831075 0
-23.617369 72.686788 0
-0.000000 76.427412 0
23.617369 72.686788 0
44.922906 61.831075 0
61.831075 44.922906 0
72.686788 -23.617369 0
61.831075 -44.922906 0
44.922906 -61.831075 0
23.617369 -72.686788 0
-0.000000 -76.427412 0
-23.617369 -72.686788 0
-44.922906 -61.831075 0
-61.831075 -44.922906 0
-72.686788 -23.617369 0
-76.427412 -0.000000 0
72.686788 23.617369 0
76.427412 0.000000 0
-73.067834 23.741178 0
-62.155212 45.158405 0
-45.158405 62.155212 0
-23.741178 73.067834 0
-0.000000 76.828067 0
23.741178 73.067834 0
45.158405 62.155212 0
62.155212 45.158405 0
73.067834 -23.741178 0
62.155212 -45.158405 0
45.158405 -62.155212 0
23.741178 -73.067834 0
-0.000000 -76.828067 0
-23.741178 -73.067834 0
-45.158405 -62.155212 0
-62.155212 -45.158405 0
-73.067834 -23.741178 0
-76.828067 -0.000000 0
73.067834 23.741178 0
76.828067 0.000000 0
-73.439220 23.861849 0
-62.471132 45.387934 0
-45.387934 62.471132 0
-23.861849 73.439220 0
-0.000000 77.218566 0
23.861849 73.439220 0
45.387934 62.471132 0
62.471132 45.387934 0
73.439220 -23.861849 0
62.471132 -45.387934 0
45.387934 -62.471132 0
23.861849 -73.439220 0
-0.000000 -77.218566 0
-23.861849 -73.439220 0
-45.387934 -62.471132 0
-62.471132 -45.387934 0
-73.439220 -23.861849 0
-77.218566 -0.000000 0
73.439220 23.861849 0
77.218566 0.000000 0
-73.801046 23.979413 0
-62.778919 45.611555 0
-45.611555 62.778919 0
-23.979413 73.801046 0
-0.000000 77.599012 0
23.979413 73.801046 0
45.611555 62.778919 0
62.778919 45.611555 0
73.801046 -23.979413 0
62.778919 -45.611555 0
45.611555 -62.778919 0
23.979413 -73.801046 0
-0.000000 -77.599012 0
-23.979413 -73.801046 0
-45.611555 -62.778919 0
-62.778919 -45.611555 0
-73.801046 -23.979413 0
-77.599012 -0.000000 0
73.801046 23.979413 0
77.599012 0.000000 0
-74.153406 24.093902 0
-63.078655 45.829325 0
-45.829325 63.078655 0
-24.093902 74.153406 0
-0.000000 77.969505 0
24.093902 74.153406 0
45.829325 63.078655 0
63.078655 45.829325 0
74.153406 -24.093902 0
63.078655 -45.829325 0
45.829325 -63.078655 0
24.093902 -74.153406 0
-0.000000 -77.969505 0
-24.093902 -74.153406 0
-45.829325 -63.078655 0
-63.078655 -45.829325 0
-74.153406 -24.093902 0
-77.969505 -0.000000 0
74.153406 24.093902 0
77.969505 0.000000 0
-74.496391 24.205345 0
-63.370416 46.041302 0
-46.041302 63.370416 0
-24.205345 74.496391 0
-0.000000 78.330141 0
24.205345 74.496391 0
46.041302 63.370416 0
63.370416 46.041302 0
74.496391 -24.205345 0
63.370416 -46.041302 0
46.041302 -63.370416 0
24.205345 -74.496391 0
-0.000000 -78.330141 0
-24.205345 -74.496391 0
-46.041302 -63.370416 0
-63.370416 -46.041302 0
-74.496391 -24.205345 0
-78.330141 -0.000000 0
74.496391 24.205345 0
78.330141 0.000000 0
-74.830090 24.313770 0
-63.654276 46.247539 0
-46.247539 63.654276 0
-24.313770 74.830090 0
-0.000000 78.681013 0
24.313770 74.830090 0
46.247539 63.654276 0
63.654276 46.247539 0
74.830090 -24.313770 0
63.654276 -46.247539 0
46.247539 -63.654276 0
24.313770 -74.830090 0
-0.000000 -78.681013 0
-24.313770 -74.830090 0
-46.247539 -63.654276 0
-63.654276 -46.247539 0
-74.830090 -24.313770 0
-78.681013 -0.000000 0
74.830090 24.313770 0
78.681013 0.000000 0
-75.154586 24.419205 0
-63.930309 46.448088 0
-46.448088 63.930309 0
-24.419205 75.154586 0
-0.000000 79.022208 0
24.419205 75.154586 0
46.448088 63.930309 0
63.930309 46.448088 0
75.154586 -24.419205 0
63.930309 -46.448088 0
46.448088 -63.930309 0
24.419205 -75.154586 0
-0.000000 -79.022208 0
-24.419205 -75.154586 0
-46.448088 -63.930309 0
-63.930309 -46.448088 0
-75.154586 -24.419205 0
-79.022208 -0.000000 0
75.154586 24.419205 0
79.022208 0.000000 0
-75.469959 24.521676 0
-64.198581 46.643000 0
-46.643000 64.198581 0
-24.521676 75.469959 0
-0.000000 79.353811 0
24.521676 75.469959 0
46.643000 64.198581 0
64.198581 46.643000 0
75.469959 -24.521676 0
64.198581 -46.643000 0
46.643000 -64.198581 0
24.521676 -75.469959 0
-0.000000 -79.353811 0
-24.521676 -75.469959 0
-46.643000 -64.198581 0
-64.198581 -46.643000 0
-75.469959 -24.521676 0
-79.353811 -0.000000 0
75.469959 24.521676 0
79.353811 0.000000 0
-75.776287 24.621208 0
-64.459160 46.832321 0
-46.832321 64.459160 0
-24.621208 75.776287 0
-0.000000 79.675903 0
24.621208 75.776287 0
46.832321 64.459160 0
64.459160 46.832321 0
75.776287 -24.621208 0
64.459160 -46.832321 0
46.832321 -64.459160 0
24.621208 -75.776287 0
-0.000000 -79.675903 0
-24.621208 -75.776287 0
-46.832321 -64.459160 0
-64.459160 -46.832321 0
-75.776287 -24.621208 0
-79.675903 -0.000000 0
75.776287 24.621208 0
79.675903 0.000000 0
-76.073645 24.717825 0
-64.712107 47.016098 0
-47.016098 64.712107 0
-24.717825 76.073645 0
-0.000000 79.988564 0
24.717825 76.073645 0
47.016098 64.712107 0
64.712107 47.016098 0
76.073645 -24.717825 0
64.712107 -47.016098 0
47.016098 -64.712107 0
24.717825 -76.073645 0
-0.000000 -79.988564 0
-24.717825 -76.073645 0
-47.016098 -64.712107 0
-64.712107 -47.016098 0
-76.073645 -24.717825 0
-79.988564 -0.000000 0
76.073645 24.717825 0
79.988564 0.000000 0
-76.362102 24.811551 0
-64.957484 47.194375 0
-47.194375 64.957484 0
-24.811551 76.362102 0
-0.000000 80.291866 0
24.811551 76.362102 0
47.194375 64.957484 0
64.957484 47.194375 0
76.362102 -24.811551 0
64.957484 -47.194375 0
47.194375 -64.957484 0
24.811551 -76.362102 0
-0.000000 -80.291866 0
-24.811551 -76.362102 0
-47.194375 -64.957484 0
-64.957484 -47.194375 0
-76.362102 -24.811551 0
-80.291866 -0.000000 0
76.362102 24.811551 0
80.291866 0.000000 0
-76.641729 24.902407 0
-65.195349 47.367194 0
-47.367194 65.195349 0
-24.902407 76.641729 0
-0.000000 80.585883 0
24.902407 76.641729 0
47.367194 65.195349 0
65.195349 47.367194 0
76.641729 -24.902407 0
65.195349 -47.367194 0
47.367194 -65.195349 0
24.902407 -76.641729 0
-0.000000 -80.585883 0
-24.902407 -76.641729 0
-47.367194 -65.195349 0
-65.195349 -47.367194 0
-76.641729 -24.902407 0
-80.585883 -0.000000 0
76.641729 24.902407 0
80.585883 0.000000 0
-76.912590 24.990415 0
-65.425757 47.534595 0
-47.534595 65.425757 0
-24.990415 76.912590 0
-0.000000 80.870683 0
24.990415 76.912590 0
47.534595 65.425757 0
65.425757 47.534595 0
76.912590 -24.990415 0
65.425757 -47.534595 0
47.534595 -65.425757 0
24.990415 -76.912590 0
-0.000000 -80.870683 0
-24.990415 -76.912590 0
-47.534595 -65.425757 0
-65.425757 -47.534595 0
-76.912590 -24.990415 0
-80.870683 -0.000000 0
76.912590 24.990415 0
80.870683 0.000000 0
-77.174747 25.075595 0
-65.648761 47.696617 0
-47.696617 65.648761 0
-25.075595 77.174747 0
-0.000000 81.146332 0
25.075595 77.174747 0
47.696617 65.648761 0
65.648761 47.696617 0
77.174747 -25.075595 0
65.648761 -47.696617 0
47.696617 -65.648761 0
25.075595 -77.174747 0
-0.000000 -81.146332 0
-25.075595 -77.174747 0
-47.696617 -65.648761 0
-65.648761 -47.696617 0
-77.174747 -25.075595 0
-81.146332 -0.000000 0
77.174747 25.075595 0
81.146332 0.000000 0
-77.428262 25.157967 0
-65.864414 47.853298 0
-47.853298 65.864414 0
-25.157967 77.428262 0
-0.000000 81.412893 0
25.157967 77.428262 0
47.853298 65.864414 0
65.864414 47.853298 0
77.428262 -25.157967 0
65.864414 -47.853298 0
47.853298 -65.864414 0
25.157967 -77.428262 0
-0.000000 -81.412893 0
-25.157967 -77.428262 0
-47.853298 -65.864414 0
-65.864414 -47.853298 0
-77.428262 -25.157967 0
-81.412893 -0.000000 0
77.428262 25.157967 0
81.412893 0.000000 0
-77.673191 25.237550 0
-66.072763 48.004672 0
-48.004672 66.072763 0
-25.237550 77.673191 0
-0.000000 81.670426 0
25.237550 77.673191 0
48.004672 66.072763 0
66.072763 48.004672 0
77.673191 -25.237550 0
66.072763 -48.004672 0
48.004672 -66.072763 0
25.237550 -77.673191 0
-0.000000 -81.670426 0
-25.237550 -77.673191 0
-48.004672 -66.072763 0
-66.072763 -48.004672 0
-77.673191 -25.237550 0
-81.670426 -0.000000 0
77.673191 25.237550 0
81.670426 0.000000 0
-77.909590 25.314360 0
-66.273856 48.150775 0
-48.150775 66.273856 0
-25.314360 77.909590 0
-0.000000 81.918991 0
25.314360 77.909590 0
48.150775 66.273856 0
66.273856 48.150775 0
77.909590 -25.314360 0
66.273856 -48.150775 0
48.150775 -66.273856 0
25.314360 -77.909590 0
-0.000000 -81.918991 0
-25.314360 -77.909590 0
-48.150775 -66.273856 0
-66.273856 -48.150775 0
-77.909590 -25.314360 0
-81.918991 -0.000000 0
77.909590 25.314360 0
81.918991 0.000000 0
-78.137511 25.388416 0
-66.467737 48.291638 0
-48.291638 66.467737 0
-25.388416 78.137511 0
-0.000000 82.158642 0
25.388416 78.137511 0
48.291638 66.467737 0
66.467737 48.291638 0
78.137511 -25.388416 0
66.467737 -48.291638 0
48.291638 -66.467737 0
25.388416 -78.137511 0
-0.000000 -82.158642 0
-25.388416 -78.137511 0
-48.291638 -66.467737 0
-66.467737 -48.291638 0
-78.137511 -25.388416 0
-82.158642 -0.000000 0
78.137511 25.388416 0
82.158642 0.000000 0
-78.357005 25.459734 0
-66.654450 48.427293 0
-48.427293 66.654450 0
-25.459734 78.357005 0
-0.000000 82.389431 0
25.459734 78.357005 0
48.427293 66.654450 0
66.654450 48.427293 0
78.357005 -25.459734 0
66.654450 -48.427293 0
48.427293 -66.654450 0
25.459734 -78.357005 0
-0.000000 -82.389431 0
-25.459734 -78.357005 0
-48.427293 -66.654450 0
-66.654450 -48.427293 0
-78.357005 -25.459734 0
-82.389431 -0.000000 0
78.357005 25.459734 0
82.389431 0.000000 0
-78.568120 25.528330 0
-66.834035 48.557769 0
-48.557769 66.834035 0
-25.528330 78.568120 0
-0.000000 82.611410 0
25.528330 78.568120 0
48.557769 66.834035 0
66.834035 48.557769 0
78.568120 -25.528330 0
66.834035 -48.557769 0
48.557769 -66.834035 0
25.528330 -78.568120 0
-0.000000 -82.611410 0
-25.528330 -78.568120 0
-48.557769 -66.834035 0
-66.834035 -48.557769 0
-78.568120 -25.528330 0
-82.611410 -0.000000 0
78.568120 25.528330 0
82.611410 0.000000 0
