20
-47.552826 15.450850 0
-40.450850 29.389263 0
-29.389263 40.450850 0
-15.450850 47.552826 0
0.000000 50.000000 0
15.450850 47.552826 0
29.389263 40.450850 0
40.450850 29.389263 0
47.552826 -15.450850 0
40.450850 -29.389263 0
29.389263 -40.450850 0
15.450850 -47.552826 0
-0.000000 -50.000000 0
-15.450850 -47.552826 0
-29.389263 -40.450850 0
-40.450850 -29.389263 0
-47.552826 -15.450850 0
-50.000000 0.000000 0
47.552826 15.450850 0
50.000000 0.000000 0
-49.443595 16.065198 0
-42.059234 30.557822 0
-30.557822 42.059234 0
-16.065198 49.443595 0
0.000000 51.988073 0
16.065198 49.443595 0
30.557822 42.059234 0
42.059234 30.557822 0
49.443595 -16.065198 0
42.059234 -30.557822 0
30.557822 -42.059234 0
16.065198 -49.443595 0
-0.000000 -51.988073 0
-16.065198 -49.443595 0
-30.557822 -42.059234 0
-42.059234 -30.557822 0
-49.443595 -16.065198 0
-51.988073 0.000000 0
49.443595 16.065198 0
51.988073 0.000000 0
-51.312528 16.672451 0
-43.649044 31.712887 0
-31.712887 43.649044 0
-16.672451 51.312528 0
0.000000 53.953185 0
16.672451 51.312528 0
31.712887 43.649044 0
43.649044 31.712887 0
51.312528 -16.672451 0
43.649044 -31.712887 0
31.712887 -43.649044 0
16.672451 -51.312528 0
-0.000000 -53.953185 0
-16.672451 -51.312528 0
-31.712887 -43.649044 0
-43.649044 -31.712887 0
-51.312528 -16.672451 0
-53.953185 0.000000 0
51.312528 16.672451 0
53.953185 0.000000 0
-53.161227 17.273130 0
-45.221640 32.855445 0
-32.855445 45.221640 0
-17.273130 53.161227 0
0.000000 55.897022 0
17.273130 53.161227 0
32.855445 45.221640 0
45.221640 32.855445 0
53.161227 -17.273130 0
45.221640 -32.855445 0
32.855445 -45.221640 0
17.273130 -53.161227 0
-0.000000 -55.897022 0
-17.273130 -53.161227 0
-32.855445 -45.221640 0
-45.221640 -32.855445 0
-53.161227 -17.273130 0
-55.897022 0.000000 0
53.161227 17.273130 0
55.897022 0.000000 0
-54.991106 17.867694 0
-46.778229 33.986373 0
-33.986373 46.778229 0
-17.867694 54.991106 0
0.000000 57.821071 0
17.867694 54.991106 0
33.986373 46.778229 0
46.778229 33.986373 0
54.991106 -17.867694 0
46.778229 -33.986373 0
33.986373 -46.778229 0
17.867694 -54.991106 0
-0.000000 -57.821071 0
-17.867694 -54.991106 0
-33.986373 -46.778229 0
-46.778229 -33.986373 0
-54.991106 -17.867694 0
-57.821071 0.000000 0
54.991106 17.867694 0
57.821071 0.000000 0
-56.803427 18.456552 0
-48.319881 35.106449 0
-35.106449 48.319881 0
-18.456552 56.803427 0
0.000000 59.726658 0
18.456552 56.803427 0
35.106449 48.319881 0
48.319881 35.106449 0
56.803427 -18.456552 0
48.319881 -35.106449 0
35.106449 -48.319881 0
18.456552 -56.803427 0
-0.000000 -59.726658 0
-18.456552 -56.803427 0
-35.106449 -48.319881 0
-48.319881 -35.106449 0
-56.803427 -18.456552 0
-59.726658 0.000000 0
56.803427 18.456552 0
59.726658 0.000000 0
-58.599316 19.040072 0
-49.847555 36.216369 0
-36.216369 49.847555 0
-19.040072 58.599316 0
0.000000 61.614967 0
19.040072 58.599316 0
36.216369 49.847555 0
49.847555 36.216369 0
58.599316 -19.040072 0
49.847555 -36.216369 0
36.216369 -49.847555 0
19.040072 -58.599316 0
-0.000000 -61.614967 0
-19.040072 -58.599316 0
-36.216369 -49.847555 0
-49.847555 -36.216369 0
-58.599316 -19.040072 0
-61.614967 0.000000 0
58.599316 19.040072 0
61.614967 0.000000 0
-60.379785 19.618581 0
-51.362113 37.316759 0
-37.316759 51.362113 0
-19.618581 60.379785 0
0.000000 63.487063 0
19.618581 60.379785 0
37.316759 51.362113 0
51.362113 37.316759 0
60.379785 -19.618581 0
51.362113 -37.316759 0
37.316759 -51.362113 0
19.618581 -60.379785 0
-0.000000 -63.487063 0
-19.618581 -60.379785 0
-37.316759 -51.362113 0
-51.362113 -37.316759 0
-60.379785 -19.618581 0
-63.487063 0.000000 0
60.379785 19.618581 0
63.487063 0.000000 0
-62.145748 20.192378 0
-52.864331 38.408184 0
-38.408184 52.864331 0
-20.192378 62.145748 0
0.000000 65.343906 0
20.192378 62.145748 0
38.408184 52.864331 0
52.864331 38.408184 0
62.145748 -20.192378 0
52.864331 -38.408184 0
38.408184 -52.864331 0
20.192378 -62.145748 0
-0.000000 -65.343906 0
-20.192378 -62.145748 0
-38.408184 -52.864331 0
-52.864331 -38.408184 0
-62.145748 -20.192378 0
-65.343906 0.000000 0
62.145748 20.192378 0
65.343906 0.000000 0
-63.898033 20.761730 0
-54.354914 39.491156 0
-39.491156 54.354914 0
-20.761730 63.898033 0
0.000000 67.186368 0
20.761730 63.898033 0
39.491156 54.354914 0
54.354914 39.491156 0
63.898033 -20.761730 0
54.354914 -39.491156 0
39.491156 -54.354914 0
20.761730 -63.898033 0
-0.000000 -67.186368 0
-20.761730 -63.898033 0
-39.491156 -54.354914 0
-54.354914 -39.491156 0
-63.898033 -20.761730 0
-67.186368 0.000000 0
63.898033 20.761730 0
67.186368 0.000000 0
-65.637394 21.326882 0
-55.834503 40.566141 0
-40.566141 55.834503 0
-21.326882 65.637394 0
0.000000 69.015241 0
21.326882 65.637394 0
40.566141 55.834503 0
55.834503 40.566141 0
65.637394 -21.326882 0
55.834503 -40.566141 0
40.566141 -55.834503 0
21.326882 -65.637394 0
-0.000000 -69.015241 0
-21.326882 -65.637394 0
-40.566141 -55.834503 0
-55.834503 -40.566141 0
-65.637394 -21.326882 0
-69.015241 0.000000 0
65.637394 21.326882 0
69.015241 0.000000 0
-67.364519 21.888059 0
-57.303683 41.633562 0
-41.633562 57.303683 0
-21.888059 67.364519 0
0.000000 70.831247 0
21.888059 67.364519 0
41.633562 57.303683 0
57.303683 41.633562 0
67.364519 -21.888059 0
57.303683 -41.633562 0
41.633562 -57.303683 0
21.888059 -67.364519 0
-0.000000 -70.831247 0
-21.888059 -67.364519 0
-41.633562 -57.303683 0
-57.303683 -41.633562 0
-67.364519 -21.888059 0
-70.831247 0.000000 0
67.364519 21.888059 0
70.831247 0.000000 0
-69.080038 22.445465 0
-58.762990 42.693811 0
-42.693811 58.762990 0
-22.445465 69.080038 0
0.000000 72.635050 0
22.445465 69.080038 0
42.693811 58.762990 0
58.762990 42.693811 0
69.080038 -22.445465 0
58.762990 -42.693811 0
42.693811 -58.762990 0
22.445465 -69.080038 0
-0.000000 -72.635050 0
-22.445465 -69.080038 0
-42.693811 -58.762990 0
-58.762990 -42.693811 0
-69.080038 -22.445465 0
-72.635050 0.000000 0
69.080038 22.445465 0
72.635050 0.000000 0
-70.784528 22.999287 0
-60.212916 43.747244 0
-43.747244 60.212916 0
-22.999287 70.784528 0
0.000000 74.427257 0
22.999287 70.784528 0
43.747244 60.212916 0
60.212916 43.747244 0
70.784528 -22.999287 0
60.212916 -43.747244 0
43.747244 -60.212916 0
22.999287 -70.784528 0
-0.000000 -74.427257 0
-22.999287 -70.784528 0
-43.747244 -60.212916 0
-60.212916 -43.747244 0
-70.784528 -22.999287 0
-74.427257 0.000000 0
70.784528 22.999287 0
74.427257 0.000000 0
-72.478524 23.549700 0
-61.653915 44.794191 0
-44.794191 61.653915 0
-23.549700 72.478524 0
0.000000 76.208430 0
23.549700 72.478524 0
44.794191 61.653915 0
61.653915 44.794191 0
72.478524 -23.549700 0
61.653915 -44.794191 0
44.794191 -61.653915 0
23.549700 -72.478524 0
-0.000000 -76.208430 0
-23.549700 -72.478524 0
-44.794191 -61.653915 0
-61.653915 -44.794191 0
-72.478524 -23.549700 0
-76.208430 0.000000 0
72.478524 23.549700 0
76.208430 0.000000 0
-74.162517 24.096863 0
-63.086405 45.834956 0
-45.834956 63.086405 0
-24.096863 74.162517 0
0.000000 77.979085 0
24.096863 74.162517 0
45.834956 63.086405 0
63.086405 45.834956 0
74.162517 -24.096863 0
63.086405 -45.834956 0
45.834956 -63.086405 0
24.096863 -74.162517 0
-0.000000 -77.979085 0
-24.096863 -74.162517 0
-45.834956 -63.086405 0
-63.086405 -45.834956 0
-74.162517 -24.096863 0
-77.979085 0.000000 0
74.162517 24.096863 0
77.979085 0.000000 0
-75.836964 24.640923 0
-64.510775 46.869821 0
-46.869821 64.510775 0
-24.640923 75.836964 0
0.000000 79.739703 0
24.640923 75.836964 0
46.869821 64.510775 0
64.510775 46.869821 0
75.836964 -24.640923 0
64.510775 -46.869821 0
46.869821 -64.510775 0
24.640923 -75.836964 0
-0.000000 -79.739703 0
-24.640923 -75.836964 0
-46.869821 -64.510775 0
-64.510775 -46.869821 0
-75.836964 -24.640923 0
-79.739703 0.000000 0
75.836964 24.640923 0
79.739703 0.000000 0
-77.502287 25.182019 0
-65.927383 47.899047 0
-47.899047 65.927383 0
-25.182019 77.502287 0
0.000000 81.490727 0
25.182019 77.502287 0
47.899047 65.927383 0
65.927383 47.899047 0
77.502287 -25.182019 0
65.927383 -47.899047 0
47.899047 -65.927383 0
25.182019 -77.502287 0
-0.000000 -81.490727 0
-25.182019 -77.502287 0
-47.899047 -65.927383 0
-65.927383 -47.899047 0
-77.502287 -25.182019 0
-81.490727 0.000000 0
77.502287 25.182019 0
81.490727 0.000000 0
-79.158879 25.720279 0
-67.336564 48.922878 0
-48.922878 67.336564 0
-25.720279 79.158879 0
0.000000 83.232571 0
25.720279 79.158879 0
48.922878 67.336564 0
67.336564 48.922878 0
79.158879 -25.720279 0
67.336564 -48.922878 0
48.922878 -67.336564 0
25.720279 -79.158879 0
-0.000000 -83.232571 0
-25.720279 -79.158879 0
-48.922878 -67.336564 0
-67.336564 -48.922878 0
-79.158879 -25.720279 0
-83.232571 0.000000 0
79.158879 25.720279 0
83.232571 0.000000 0
-80.807107 26.255821 0
-68.738631 49.941539 0
-49.941539 68.738631 0
-26.255821 80.807107 0
0.000000 84.965621 0
26.255821 80.807107 0
49.941539 68.738631 0
68.738631 49.941539 0
80.807107 -26.255821 0
68.738631 -49.941539 0
49.941539 -68.738631 0
26.255821 -80.807107 0
-0.000000 -84.965621 0
-26.255821 -80.807107 0
-49.941539 -68.738631 0
-68.738631 -49.941539 0
-80.807107 -26.255821 0
-84.965621 0.000000 0
80.807107 26.255821 0
84.965621 0.000000 0
-82.447313 26.788756 0
-70.133874 50.955242 0
-50.955242 70.133874 0
-26.788756 82.447313 0
0.000000 86.690236 0
26.788756 82.447313 0
50.955242 70.133874 0
70.133874 50.955242 0
82.447313 -26.788756 0
70.133874 -50.955242 0
50.955242 -70.133874 0
26.788756 -82.447313 0
-0.000000 -86.690236 0
-26.788756 -82.447313 0
-50.955242 -70.133874 0
-70.133874 -50.955242 0
-82.447313 -26.788756 0
-86.690236 -0.000000 0
82.447313 26.788756 0
86.690236 0.000000 0
-84.079818 27.319189 0
-71.522565 51.964185 0
-51.964185 71.522565 0
-27.319189 84.079818 0
0.000000 88.406752 0
27.319189 84.079818 0
51.964185 71.522565 0
71.522565 51.964185 0
84.079818 -27.319189 0
71.522565 -51.964185 0
51.964185 -71.522565 0
27.319189 -84.079818 0
-0.000000 -88.406752 0
-27.319189 -84.079818 0
-51.964185 -71.522565 0
-71.522565 -51.964185 0
-84.079818 -27.319189 0
-88.406752 -0.000000 0
84.079818 27.319189 0
88.406752 0.000000 0
-85.704920 27.847217 0
-72.904960 52.968554 0
-52.968554 72.904960 0
-27.847217 85.704920 0
0.000000 90.115486 0
27.847217 85.704920 0
52.968554 72.904960 0
72.904960 52.968554 0
85.704920 -27.847217 0
72.904960 -52.968554 0
52.968554 -72.904960 0
27.847217 -85.704920 0
-0.000000 -90.115486 0
-27.847217 -85.704920 0
-52.968554 -72.904960 0
-72.904960 -52.968554 0
-85.704920 -27.847217 0
-90.115486 -0.000000 0
85.704920 27.847217 0
90.115486 0.000000 0
-87.322902 28.372931 0
-74.281297 53.968521 0
-53.968521 74.281297 0
-28.372931 87.322902 0
0.000000 91.816733 0
28.372931 87.322902 0
53.968521 74.281297 0
74.281297 53.968521 0
87.322902 -28.372931 0
74.281297 -53.968521 0
53.968521 -74.281297 0
28.372931 -87.322902 0
-0.000000 -91.816733 0
-28.372931 -87.322902 0
-53.968521 -74.281297 0
-74.281297 -53.968521 0
-87.322902 -28.372931 0
-91.816733 -0.000000 0
87.322902 28.372931 0
91.816733 0.000000 0
-88.934028 28.896417 0
-75.651803 54.964252 0
-54.964252 75.651803 0
-28.896417 88.934028 0
0.000000 93.510771 0
28.896417 88.934028 0
54.964252 75.651803 0
75.651803 54.964252 0
88.934028 -28.896417 0
75.651803 -54.964252 0
54.964252 -75.651803 0
28.896417 -88.934028 0
-0.000000 -93.510771 0
-28.896417 -88.934028 0
-54.964252 -75.651803 0
-75.651803 -54.964252 0
-88.934028 -28.896417 0
-93.510771 -0.000000 0
88.934028 28.896417 0
93.510771 0.000000 0
-90.538546 29.417757 0
-77.016688 55.955899 0
-55.955899 77.016688 0
-29.417757 90.538546 0
0.000000 95.197861 0
29.417757 90.538546 0
55.955899 77.016688 0
77.016688 55.955899 0
90.538546 -29.417757 0
77.016688 -55.955899 0
55.955899 -77.016688 0
29.417757 -90.538546 0
-0.000000 -95.197861 0
-29.417757 -90.538546 0
-55.955899 -77.016688 0
-77.016688 -55.955899 0
-90.538546 -29.417757 0
-95.197861 -0.000000 0
90.538546 29.417757 0
95.197861 0.000000 0
-92.136693 29.937026 0
-78.376152 56.943608 0
-56.943608 78.376152 0
-29.937026 92.136693 0
0.000000 96.878252 0
29.937026 92.136693 0
56.943608 78.376152 0
78.376152 56.943608 0
92.136693 -29.937026 0
78.376152 -56.943608 0
56.943608 -78.376152 0
29.937026 -92.136693 0
-0.000000 -96.878252 0
-29.937026 -92.136693 0
-56.943608 -78.376152 0
-78.376152 -56.943608 0
-92.136693 -29.937026 0
-96.878252 -0.000000 0
92.136693 29.937026 0
96.878252 0.000000 0
-93.728688 30.454297 0
-79.730384 57.927515 0
-57.927515 79.730384 0
-30.454297 93.728688 0
0.000000 98.552175 0
30.454297 93.728688 0
57.927515 79.730384 0
79.730384 57.927515 0
93.728688 -30.454297 0
79.730384 -57.927515 0
57.927515 -79.730384 0
30.454297 -93.728688 0
-0.000000 -98.552175 0
-30.454297 -93.728688 0
-57.927515 -79.730384 0
-79.730384 -57.927515 0
-93.728688 -30.454297 0
-98.552175 -0.000000 0
93.728688 30.454297 0
98.552175 0.000000 0
-95.314742 30.969637 0
-81.079562 58.907750 0
-58.907750 81.079562 0
-30.969637 95.314742 0
0.000000 100.219850 0
30.969637 95.314742 0
58.907750 81.079562 0
81.079562 58.907750 0
95.314742 -30.969637 0
81.079562 -58.907750 0
58.907750 -81.079562 0
30.969637 -95.314742 0
-0.000000 -100.219850 0
-30.969637 -95.314742 0
-58.907750 -81.079562 0
-81.079562 -58.907750 0
-95.314742 -30.969637 0
-100.219850 -0.000000 0
95.314742 30.969637 0
100.219850 0.000000 0
-96.895052 31.483111 0
-82.423855 59.884436 0
-59.884436 82.423855 0
-31.483111 96.895052 0
0.000000 101.881487 0
31.483111 96.895052 0
59.884436 82.423855 0
82.423855 59.884436 0
96.895052 -31.483111 0
82.423855 -59.884436 0
59.884436 -82.423855 0
31.483111 -96.895052 0
-0.000000 -101.881487 0
-31.483111 -96.895052 0
-59.884436 -82.423855 0
-82.423855 -59.884436 0
-96.895052 -31.483111 0
-101.881487 -0.000000 0
96.895052 31.483111 0
101.881487 0.000000 0
-98.469807 31.994780 0
-83.763421 60.857688 0
-60.857688 83.763421 0
-31.994780 98.469807 0
0.000000 103.537283 0
31.994780 98.469807 0
60.857688 83.763421 0
83.763421 60.857688 0
98.469807 -31.994780 0
83.763421 -60.857688 0
60.857688 -83.763421 0
31.994780 -98.469807 0
-0.000000 -103.537283 0
-31.994780 -98.469807 0
-60.857688 -83.763421 0
-83.763421 -60.857688 0
-98.469807 -31.994780 0
-103.537283 -0.000000 0
98.469807 31.994780 0
103.537283 0.000000 0
-100.039185 32.504702 0
-85.098413 61.827616 0
-61.827616 85.098413 0
-32.504702 100.039185 0
0.000000 105.187424 0
32.504702 100.039185 0
61.827616 85.098413 0
85.098413 61.827616 0
100.039185 -32.504702 0
85.098413 -61.827616 0
61.827616 -85.098413 0
32.504702 -100.039185 0
-0.000000 -105.187424 0
-32.504702 -100.039185 0
-61.827616 -85.098413 0
-85.098413 -61.827616 0
-100.039185 -32.504702 0
-105.187424 -0.000000 0
100.039185 32.504702 0
105.187424 0.000000 0
-101.603354 33.012931 0
-86.428975 62.794326 0
-62.794326 86.428975 0
-33.012931 101.603354 0
0.000000 106.832088 0
33.012931 101.603354 0
62.794326 86.428975 0
86.428975 62.794326 0
101.603354 -33.012931 0
86.428975 -62.794326 0
62.794326 -86.428975 0
33.012931 -101.603354 0
-0.000000 -106.832088 0
-33.012931 -101.603354 0
-62.794326 -86.428975 0
-86.428975 -62.794326 0
-101.603354 -33.012931 0
-106.832088 -0.000000 0
101.603354 33.012931 0
106.832088 0.000000 0
-103.162475 33.519520 0
-87.755243 63.757916 0
-63.757916 87.755243 0
-33.519520 103.162475 0
0.000000 108.471445 0
33.519520 103.162475 0
63.757916 87.755243 0
87.755243 63.757916 0
103.162475 -33.519520 0
87.755243 -63.757916 0
63.757916 -87.755243 0
33.519520 -103.162475 0
-0.000000 -108.471445 0
-33.519520 -103.162475 0
-63.757916 -87.755243 0
-87.755243 -63.757916 0
-103.162475 -33.519520 0
-108.471445 -0.000000 0
103.162475 33.519520 0
108.471445 0.000000 0
-104.716701 34.024519 0
-89.077346 64.718480 0
-64.718480 89.077346 0
-34.024519 104.716701 0
0.000000 110.105655 0
34.024519 104.716701 0
64.718480 89.077346 0
89.077346 64.718480 0
104.716701 -34.024519 0
89.077346 -64.718480 0
64.718480 -89.077346 0
34.024519 -104.716701 0
-0.000000 -110.105655 0
-34.024519 -104.716701 0
-64.718480 -89.077346 0
-89.077346 -64.718480 0
-104.716701 -34.024519 0
-110.105655 -0.000000 0
104.716701 34.024519 0
110.105655 0.000000 0
-106.266177 34.527974 0
-90.395410 65.676109 0
-65.676109 90.395410 0
-34.527974 106.266177 0
0.000000 111.734871 0
34.527974 106.266177 0
65.676109 90.395410 0
90.395410 65.676109 0
106.266177 -34.527974 0
90.395410 -65.676109 0
65.676109 -90.395410 0
34.527974 -106.266177 0
-0.000000 -111.734871 0
-34.527974 -106.266177 0
-65.676109 -90.395410 0
-90.395410 -65.676109 0
-106.266177 -34.527974 0
-111.734871 -0.000000 0
106.266177 34.527974 0
111.734871 0.000000 0
-107.811043 35.029931 0
-91.709551 66.630889 0
-66.630889 91.709551 0
-35.029931 107.811043 0
0.000000 113.359239 0
35.029931 107.811043 0
66.630889 91.709551 0
91.709551 66.630889 0
107.811043 -35.029931 0
91.709551 -66.630889 0
66.630889 -91.709551 0
35.029931 -107.811043 0
-0.000000 -113.359239 0
-35.029931 -107.811043 0
-66.630889 -91.709551 0
-91.709551 -66.630889 0
-107.811043 -35.029931 0
-113.359239 -0.000000 0
107.811043 35.029931 0
113.359239 0.000000 0
-109.351431 35.530434 0
-93.019883 67.582901 0
-67.582901 93.019883 0
-35.530434 109.351431 0
0.000000 114.978898 0
35.530434 109.351431 0
67.582901 93.019883 0
93.019883 67.582901 0
109.351431 -35.530434 0
93.019883 -67.582901 0
67.582901 -93.019883 0
35.530434 -109.351431 0
-0.000000 -114.978898 0
-35.530434 -109.351431 0
-67.582901 -93.019883 0
-93.019883 -67.582901 0
-109.351431 -35.530434 0
-114.978898 -0.000000 0
109.351431 35.530434 0
114.978898 0.000000 0
-110.887466 36.029522 0
-94.326513 68.532223 0
-68.532223 94.326513 0
-36.029522 110.887466 0
0.000000 116.593982 0
36.029522 110.887466 0
68.532223 94.326513 0
94.326513 68.532223 0
110.887466 -36.029522 0
94.326513 -68.532223 0
68.532223 -94.326513 0
36.029522 -110.887466 0
-0.000000 -116.593982 0
-36.029522 -110.887466 0
-68.532223 -94.326513 0
-94.326513 -68.532223 0
-110.887466 -36.029522 0
-116.593982 -0.000000 0
110.887466 36.029522 0
116.593982 0.000000 0
-112.419270 36.527235 0
-95.629543 69.478930 0
-69.478930 95.629543 0
-36.527235 112.419270 0
0.000000 118.204616 0
36.527235 112.419270 0
69.478930 95.629543 0
95.629543 69.478930 0
112.419270 -36.527235 0
95.629543 -69.478930 0
69.478930 -95.629543 0
36.527235 -112.419270 0
-0.000000 -118.204616 0
-36.527235 -112.419270 0
-69.478930 -95.629543 0
-95.629543 -69.478930 0
-112.419270 -36.527235 0
-118.204616 -0.000000 0
112.419270 36.527235 0
118.204616 0.000000 0
-113.946958 37.023611 0
-96.929072 70.423093 0
-70.423093 96.929072 0
-37.023611 113.946958 0
0.000000 119.810922 0
37.023611 113.946958 0
70.423093 96.929072 0
96.929072 70.423093 0
113.946958 -37.023611 0
96.929072 -70.423093 0
70.423093 -96.929072 0
37.023611 -113.946958 0
-0.000000 -119.810922 0
-37.023611 -113.946958 0
-70.423093 -96.929072 0
-96.929072 -70.423093 0
-113.946958 -37.023611 0
-119.810922 -0.000000 0
113.946958 37.023611 0
119.810922 0.000000 0
-115.470642 37.518686 0
-98.225195 71.364781 0
-71.364781 98.225195 0
-37.518686 115.470642 0
0.000000 121.413018 0
37.518686 115.470642 0
71.364781 98.225195 0
98.225195 71.364781 0
115.470642 -37.518686 0
98.225195 -71.364781 0
71.364781 -98.225195 0
37.518686 -115.470642 0
-0.000000 -121.413018 0
-37.518686 -115.470642 0
-71.364781 -98.225195 0
-98.225195 -71.364781 0
-115.470642 -37.518686 0
-121.413018 -0.000000 0
115.470642 37.518686 0
121.413018 0.000000 0
-116.990425 38.012493 0
-99.518000 72.304059 0
-72.304059 99.518000 0
-38.012493 116.990425 0
0.000000 123.011013 0
38.012493 116.990425 0
72.304059 99.518000 0
99.518000 72.304059 0
116.990425 -38.012493 0
99.518000 -72.304059 0
72.304059 -99.518000 0
38.012493 -116.990425 0
-0.000000 -123.011013 0
-38.012493 -116.990425 0
-72.304059 -99.518000 0
-99.518000 -72.304059 0
-116.990425 -38.012493 0
-123.011013 -0.000000 0
116.990425 38.012493 0
123.011013 0.000000 0
-118.506411 38.505067 0
-100.807574 73.240990 0
-73.240990 100.807574 0
-38.505067 118.506411 0
0.000000 124.605014 0
38.505067 118.506411 0
73.240990 100.807574 0
100.807574 73.240990 0
118.506411 -38.505067 0
100.807574 -73.240990 0
73.240990 -100.807574 0
38.505067 -118.506411 0
-0.000000 -124.605014 0
-38.505067 -118.506411 0
-73.240990 -100.807574 0
-100.807574 -73.240990 0
-118.506411 -38.505067 0
-124.605014 -0.000000 0
118.506411 38.505067 0
124.605014 0.000000 0
-120.018696 38.996438 0
-102.094001 74.175633 0
-74.175633 102.094001 0
-38.996438 120.018696 0
0.000000 126.195125 0
38.996438 120.018696 0
74.175633 102.094001 0
102.094001 74.175633 0
120.018696 -38.996438 0
102.094001 -74.175633 0
74.175633 -102.094001 0
38.996438 -120.018696 0
-0.000000 -126.195125 0
-38.996438 -120.018696 0
-74.175633 -102.094001 0
-102.094001 -74.175633 0
-120.018696 -38.996438 0
-126.195125 -0.000000 0
120.018696 38.996438 0
126.195125 0.000000 0
-121.527374 39.486637 0
-103.377359 75.108048 0
-75.108048 103.377359 0
-39.486637 121.527374 0
0.000000 127.781443 0
39.486637 121.527374 0
75.108048 103.377359 0
103.377359 75.108048 0
121.527374 -39.486637 0
103.377359 -75.108048 0
75.108048 -103.377359 0
39.486637 -121.527374 0
-0.000000 -127.781443 0
-39.486637 -121.527374 0
-75.108048 -103.377359 0
-103.377359 -75.108048 0
-121.527374 -39.486637 0
-127.781443 -0.000000 0
121.527374 39.486637 0
127.781443 0.000000 0
-123.032534 39.975694 0
-104.657725 76.038288 0
-76.038288 104.657725 0
-39.975694 123.032534 0
0.000000 129.364062 0
39.975694 123.032534 0
76.038288 104.657725 0
104.657725 76.038288 0
123.032534 -39.975694 0
104.657725 -76.038288 0
76.038288 -104.657725 0
39.975694 -123.032534 0
-0.000000 -129.364062 0
-39.975694 -123.032534 0
-76.038288 -104.657725 0
-104.657725 -76.038288 0
-123.032534 -39.975694 0
-129.364062 -0.000000 0
123.032534 39.975694 0
129.364062 0.000000 0
-124.534263 40.463635 0
-105.935171 76.966407 0
-76.966407 105.935171 0
-40.463635 124.534263 0
0.000000 130.943073 0
40.463635 124.534263 0
76.966407 105.935171 0
105.935171 76.966407 0
124.534263 -40.463635 0
105.935171 -76.966407 0
76.966407 -105.935171 0
40.463635 -124.534263 0
-0.000000 -130.943073 0
-40.463635 -124.534263 0
-76.966407 -105.935171 0
-105.935171 -76.966407 0
-124.534263 -40.463635 0
-130.943073 -0.000000 0
124.534263 40.463635 0
130.943073 0.000000 0
-126.032643 40.950488 0
-107.209770 77.892457 0
-77.892457 107.209770 0
-40.950488 126.032643 0
0.000000 132.518563 0
40.950488 126.032643 0
77.892457 107.209770 0
107.209770 77.892457 0
126.032643 -40.950488 0
107.209770 -77.892457 0
77.892457 -107.209770 0
40.950488 -126.032643 0
-0.000000 -132.518563 0
-40.950488 -126.032643 0
-77.892457 -107.209770 0
-107.209770 -77.892457 0
-126.032643 -40.950488 0
-132.518563 -0.000000 0
126.032643 40.950488 0
132.518563 0.000000 0
-127.527755 41.436279 0
-108.481587 78.816487 0
-78.816487 108.481587 0
-41.436279 127.527755 0
0.000000 134.090616 0
41.436279 127.527755 0
78.816487 108.481587 0
108.481587 78.816487 0
127.527755 -41.436279 0
108.481587 -78.816487 0
78.816487 -108.481587 0
41.436279 -127.527755 0
-0.000000 -134.090616 0
-41.436279 -127.527755 0
-78.816487 -108.481587 0
-108.481587 -78.816487 0
-127.527755 -41.436279 0
-134.090616 -0.000000 0
127.527755 41.436279 0
134.090616 0.000000 0
-129.019674 41.921033 0
-109.750690 79.738544 0
-79.738544 109.750690 0
-41.921033 129.019674 0
0.000000 135.659313 0
41.921033 129.019674 0
79.738544 109.750690 0
109.750690 79.738544 0
129.019674 -41.921033 0
109.750690 -79.738544 0
79.738544 -109.750690 0
41.921033 -129.019674 0
-0.000000 -135.659313 0
-41.921033 -129.019674 0
-79.738544 -109.750690 0
-109.750690 -79.738544 0
-129.019674 -41.921033 0
-135.659313 -0.000000 0
129.019674 41.921033 0
135.659313 0.000000 0
-130.508475 42.404774 0
-111.017140 80.658673 0
-80.658673 111.017140 0
-42.404774 130.508475 0
0.000000 137.224731 0
42.404774 130.508475 0
80.658673 111.017140 0
111.017140 80.658673 0
130.508475 -42.404774 0
111.017140 -80.658673 0
80.658673 -111.017140 0
42.404774 -130.508475 0
-0.000000 -137.224731 0
-42.404774 -130.508475 0
-80.658673 -111.017140 0
-111.017140 -80.658673 0
-130.508475 -42.404774 0
-137.224731 -0.000000 0
130.508475 42.404774 0
137.224731 0.000000 0
-131.994229 42.887525 0
-112.280998 81.576920 0
-81.576920 112.280998 0
-42.887525 131.994229 0
0.000000 138.786946 0
42.887525 131.994229 0
81.576920 112.280998 0
112.280998 81.576920 0
131.994229 -42.887525 0
112.280998 -81.576920 0
81.576920 -112.280998 0
42.887525 -131.994229 0
-0.000000 -138.786946 0
-42.887525 -131.994229 0
-81.576920 -112.280998 0
-112.280998 -81.576920 0
-131.994229 -42.887525 0
-138.786946 -0.000000 0
131.994229 42.887525 0
138.786946 0.000000 0
-133.477005 43.369308 0
-113.542322 82.493326 0
-82.493326 113.542322 0
-43.369308 133.477005 0
0.000000 140.346029 0
43.369308 133.477005 0
82.493326 113.542322 0
113.542322 82.493326 0
133.477005 -43.369308 0
113.542322 -82.493326 0
82.493326 -113.542322 0
43.369308 -133.477005 0
-0.000000 -140.346029 0
-43.369308 -133.477005 0
-82.493326 -113.542322 0
-113.542322 -82.493326 0
-133.477005 -43.369308 0
-140.346029 -0.000000 0
133.477005 43.369308 0
140.346029 0.000000 0
-134.956869 43.850145 0
-114.801170 83.407932 0
-83.407932 114.801170 0
-43.850145 134.956869 0
0.000000 141.902049 0
43.850145 134.956869 0
83.407932 114.801170 0
114.801170 83.407932 0
134.956869 -43.850145 0
114.801170 -83.407932 0
83.407932 -114.801170 0
43.850145 -134.956869 0
-0.000000 -141.902049 0
-43.850145 -134.956869 0
-83.407932 -114.801170 0
-114.801170 -83.407932 0
-134.956869 -43.850145 0
-141.902049 -0.000000 0
134.956869 43.850145 0
141.902049 0.000000 0
-136.433884 44.330056 0
-116.057594 84.320778 0
-84.320778 116.057594 0
-44.330056 136.433884 0
0.000000 143.455076 0
44.330056 136.433884 0
84.320778 116.057594 0
116.057594 84.320778 0
136.433884 -44.330056 0
116.057594 -84.320778 0
84.320778 -116.057594 0
44.330056 -136.433884 0
-0.000000 -143.455076 0
-44.330056 -136.433884 0
-84.320778 -116.057594 0
-116.057594 -84.320778 0
-136.433884 -44.330056 0
-143.455076 -0.000000 0
136.433884 44.330056 0
143.455076 0.000000 0
-137.908114 44.809062 0
-117.311648 85.231902 0
-85.231902 117.311648 0
-44.809062 137.908114 0
0.000000 145.005172 0
44.809062 137.908114 0
85.231902 117.311648 0
117.311648 85.231902 0
137.908114 -44.809062 0
117.311648 -85.231902 0
85.231902 -117.311648 0
44.809062 -137.908114 0
-0.000000 -145.005172 0
-44.809062 -137.908114 0
-85.231902 -117.311648 0
-117.311648 -85.231902 0
-137.908114 -44.809062 0
-145.005172 -0.000000 0
137.908114 44.809062 0
145.005172 0.000000 0
-139.379616 45.287183 0
-118.563383 86.141340 0
-86.141340 118.563383 0
-45.287183 139.379616 0
0.000000 146.552401 0
45.287183 139.379616 0
86.141340 118.563383 0
118.563383 86.141340 0
139.379616 -45.287183 0
118.563383 -86.141340 0
86.141340 -118.563383 0
45.287183 -139.379616 0
-0.000000 -146.552401 0
-45.287183 -139.379616 0
-86.141340 -118.563383 0
-118.563383 -86.141340 0
-139.379616 -45.287183 0
-146.552401 -0.000000 0
139.379616 45.287183 0
146.552401 0.000000 0
-140.848450 45.764435 0
-119.812848 87.049129 0
-87.049129 119.812848 0
-45.764435 140.848450 0
0.000000 148.096824 0
45.764435 140.848450 0
87.049129 119.812848 0
119.812848 87.049129 0
140.848450 -45.764435 0
119.812848 -87.049129 0
87.049129 -119.812848 0
45.764435 -140.848450 0
-0.000000 -148.096824 0
-45.764435 -140.848450 0
-87.049129 -119.812848 0
-119.812848 -87.049129 0
-140.848450 -45.764435 0
-148.096824 -0.000000 0
140.848450 45.764435 0
148.096824 0.000000 0
-142.314670 46.240839 0
-121.060089 87.955303 0
-87.955303 121.060089 0
-46.240839 142.314670 0
0.000000 149.638499 0
46.240839 142.314670 0
87.955303 121.060089 0
121.060089 87.955303 0
142.314670 -46.240839 0
121.060089 -87.955303 0
87.955303 -121.060089 0
46.240839 -142.314670 0
-0.000000 -149.638499 0
-46.240839 -142.314670 0
-87.955303 -121.060089 0
-121.060089 -87.955303 0
-142.314670 -46.240839 0
-149.638499 -0.000000 0
142.314670 46.240839 0
149.638499 0.000000 0
-143.778330 46.716411 0
-122.305153 88.859895 0
-88.859895 122.305153 0
-46.716411 143.778330 0
0.000000 151.177483 0
46.716411 143.778330 0
88.859895 122.305153 0
122.305153 88.859895 0
143.778330 -46.716411 0
122.305153 -88.859895 0
88.859895 -122.305153 0
46.716411 -143.778330 0
-0.000000 -151.177483 0
-46.716411 -143.778330 0
-88.859895 -122.305153 0
-122.305153 -88.859895 0
-143.778330 -46.716411 0
-151.177483 -0.000000 0
143.778330 46.716411 0
151.177483 0.000000 0
