20
-47.552826 15.450850 0
-40.450850 29.389263 0
-29.389263 40.450850 0
-15.450850 47.552826 0
0.000000 50.000000 0
15.450850 47.552826 0
29.389263 40.450850 0
40.450850 29.389263 0
47.552826 -15.450850 0
40.450850 -29.389263 0
29.389263 -40.450850 0
15.450850 -47.552826 0
-0.000000 -50.000000 0
-15.450850 -47.552826 0
-29.389263 -40.450850 0
-40.450850 -29.389263 0
-47.552826 -15.450850 0
-50.000000 0.000000 0
47.552826 15.450850 0
50.000000 0.000000 0
-50.394652 16.374215 0
-42.868251 31.145608 0
-31.145608 42.868251 0
-16.374215 50.394652 0
0.000000 52.988073 0
16.374215 50.394652 0
31.145608 42.868251 0
42.868251 31.145608 0
50.394652 -16.374215 0
42.868251 -31.145608 0
31.145608 -42.868251 0
16.374215 -50.394652 0
-0.000000 -52.988073 0
-16.374215 -50.394652 0
-31.145608 -42.868251 0
-42.868251 -31.145608 0
-50.394652 -16.374215 0
-52.988073 0.000000 0
50.394652 16.374215 0
52.988073 0.000000 0
-53.215034 17.290613 0
-45.267411 32.888700 0
-32.888700 45.267411 0
-17.290613 53.215034 0
0.000000 55.953598 0
17.290613 53.215034 0
32.888700 45.267411 0
45.267411 32.888700 0
53.215034 -17.290613 0
45.267411 -32.888700 0
32.888700 -45.267411 0
17.290613 -53.215034 0
-0.000000 -55.953598 0
-17.290613 -53.215034 0
-32.888700 -45.267411 0
-45.267411 -32.888700 0
-53.215034 -17.290613 0
-55.953598 0.000000 0
53.215034 17.290613 0
55.953598 0.000000 0
-56.016257 18.200785 0
-47.650275 34.619951 0
-34.619951 47.650275 0
-18.200785 56.016257 0
0.000000 58.898978 0
18.200785 56.016257 0
34.619951 47.650275 0
47.650275 34.619951 0
56.016257 -18.200785 0
47.650275 -34.619951 0
34.619951 -47.650275 0
18.200785 -56.016257 0
-0.000000 -58.898978 0
-18.200785 -56.016257 0
-34.619951 -47.650275 0
-47.650275 -34.619951 0
-56.016257 -18.200785 0
-58.898978 0.000000 0
56.016257 18.200785 0
58.898978 0.000000 0
-58.800248 19.105359 0
-50.018479 36.340552 0
-36.340552 50.018479 0
-19.105359 58.800248 0
0.000000 61.826240 0
19.105359 58.800248 0
36.340552 50.018479 0
50.018479 36.340552 0
58.800248 -19.105359 0
50.018479 -36.340552 0
36.340552 -50.018479 0
19.105359 -58.800248 0
-0.000000 -61.826240 0
-19.105359 -58.800248 0
-36.340552 -50.018479 0
-50.018479 -36.340552 0
-58.800248 -19.105359 0
-61.826240 0.000000 0
58.800248 19.105359 0
61.826240 0.000000 0
-61.568645 20.004865 0
-52.373418 38.051515 0
-38.051515 52.373418 0
-20.004865 61.568645 0
0.000000 64.737104 0
20.004865 61.568645 0
38.051515 52.373418 0
52.373418 38.051515 0
61.568645 -20.004865 0
52.373418 -38.051515 0
38.051515 -52.373418 0
20.004865 -61.568645 0
-0.000000 -64.737104 0
-20.004865 -61.568645 0
-38.051515 -52.373418 0
-52.373418 -38.051515 0
-61.568645 -20.004865 0
-64.737104 0.000000 0
61.568645 20.004865 0
64.737104 0.000000 0
-64.322856 20.899763 0
-54.716290 39.753711 0
-39.753711 54.716290 0
-20.899763 64.322856 0
0.000000 67.633053 0
20.899763 64.322856 0
39.753711 54.716290 0
54.716290 39.753711 0
64.322856 -20.899763 0
54.716290 -39.753711 0
39.753711 -54.716290 0
20.899763 -64.322856 0
-0.000000 -67.633053 0
-20.899763 -64.322856 0
-39.753711 -54.716290 0
-54.716290 -39.753711 0
-64.322856 -20.899763 0
-67.633053 0.000000 0
64.322856 20.899763 0
67.633053 0.000000 0
-67.064101 21.790447 0
-57.048131 41.447894 0
-41.447894 57.048131 0
-21.790447 67.064101 0
0.000000 70.515368 0
21.790447 67.064101 0
41.447894 57.048131 0
57.048131 41.447894 0
67.064101 -21.790447 0
57.048131 -41.447894 0
41.447894 -57.048131 0
21.790447 -67.064101 0
-0.000000 -70.515368 0
-21.790447 -67.064101 0
-41.447894 -57.048131 0
-57.048131 -41.447894 0
-67.064101 -21.790447 0
-70.515368 0.000000 0
67.064101 21.790447 0
70.515368 0.000000 0
-69.793442 22.677264 0
-59.369848 43.134719 0
-43.134719 59.369848 0
-22.677264 69.793442 0
0.000000 73.385168 0
22.677264 69.793442 0
43.134719 59.369848 0
59.369848 43.134719 0
69.793442 -22.677264 0
59.369848 -43.134719 0
43.134719 -59.369848 0
22.677264 -69.793442 0
-0.000000 -73.385168 0
-22.677264 -69.793442 0
-43.134719 -59.369848 0
-59.369848 -43.134719 0
-69.793442 -22.677264 0
-73.385168 0.000000 0
69.793442 22.677264 0
73.385168 0.000000 0
-72.511814 23.560517 0
-61.682234 44.814766 0
-44.814766 61.682234 0
-23.560517 72.511814 0
0.000000 76.243434 0
23.560517 72.511814 0
44.814766 61.682234 0
61.682234 44.814766 0
72.511814 -23.560517 0
61.682234 -44.814766 0
44.814766 -61.682234 0
23.560517 -72.511814 0
-0.000000 -76.243434 0
-23.560517 -72.511814 0
-44.814766 -61.682234 0
-61.682234 -44.814766 0
-72.511814 -23.560517 0
-76.243434 0.000000 0
72.511814 23.560517 0
76.243434 0.000000 0
-75.220042 24.440473 0
-63.985990 46.488543 0
-46.488543 63.985990 0
-24.440473 75.220042 0
0.000000 79.091033 0
24.440473 75.220042 0
46.488543 63.985990 0
63.985990 46.488543 0
75.220042 -24.440473 0
63.985990 -46.488543 0
46.488543 -63.985990 0
24.440473 -75.220042 0
-0.000000 -79.091033 0
-24.440473 -75.220042 0
-46.488543 -63.985990 0
-63.985990 -46.488543 0
-75.220042 -24.440473 0
-79.091033 0.000000 0
75.220042 24.440473 0
79.091033 0.000000 0
-77.918858 25.317372 0
-66.281740 48.156503 0
-48.156503 66.281740 0
-25.317372 77.918858 0
0.000000 81.928736 0
25.317372 77.918858 0
48.156503 66.281740 0
66.281740 48.156503 0
77.918858 -25.317372 0
66.281740 -48.156503 0
48.156503 -66.281740 0
25.317372 -77.918858 0
-0.000000 -81.928736 0
-25.317372 -77.918858 0
-48.156503 -66.281740 0
-66.281740 -48.156503 0
-77.918858 -25.317372 0
-81.928736 0.000000 0
77.918858 25.317372 0
81.928736 0.000000 0
-80.608915 26.191424 0
-68.570039 49.819050 0
-49.819050 68.570039 0
-26.191424 80.608915 0
0.000000 84.757230 0
26.191424 80.608915 0
49.819050 68.570039 0
68.570039 49.819050 0
80.608915 -26.191424 0
68.570039 -49.819050 0
49.819050 -68.570039 0
26.191424 -80.608915 0
-0.000000 -84.757230 0
-26.191424 -80.608915 0
-49.819050 -68.570039 0
-68.570039 -49.819050 0
-80.608915 -26.191424 0
-84.757230 0.000000 0
80.608915 26.191424 0
84.757230 0.000000 0
-83.290800 27.062822 0
-70.851387 51.476545 0
-51.476545 70.851387 0
-27.062822 83.290800 0
0.000000 87.577130 0
27.062822 83.290800 0
51.476545 70.851387 0
70.851387 51.476545 0
83.290800 -27.062822 0
70.851387 -51.476545 0
51.476545 -70.851387 0
27.062822 -83.290800 0
-0.000000 -87.577130 0
-27.062822 -83.290800 0
-51.476545 -70.851387 0
-70.851387 -51.476545 0
-83.290800 -27.062822 0
-87.577130 0.000000 0
83.290800 27.062822 0
87.577130 0.000000 0
-85.965040 27.931735 0
-73.126231 53.129316 0
-53.129316 73.126231 0
-27.931735 85.965040 0
0.000000 90.388992 0
27.931735 85.965040 0
53.129316 73.126231 0
73.126231 53.129316 0
85.965040 -27.931735 0
73.126231 -53.129316 0
53.129316 -73.126231 0
27.931735 -85.965040 0
-0.000000 -90.388992 0
-27.931735 -85.965040 0
-53.129316 -73.126231 0
-73.126231 -53.129316 0
-85.965040 -27.931735 0
-90.388992 0.000000 0
85.965040 27.931735 0
90.388992 0.000000 0
-88.632111 28.798319 0
-75.394977 54.777657 0
-54.777657 75.394977 0
-28.798319 88.632111 0
0.000000 93.193316 0
28.798319 88.632111 0
54.777657 75.394977 0
75.394977 54.777657 0
88.632111 -28.798319 0
75.394977 -54.777657 0
54.777657 -75.394977 0
28.798319 -88.632111 0
-0.000000 -93.193316 0
-28.798319 -88.632111 0
-54.777657 -75.394977 0
-75.394977 -54.777657 0
-88.632111 -28.798319 0
-93.193316 0.000000 0
88.632111 28.798319 0
93.193316 0.000000 0
-91.292446 29.662714 0
-77.657993 56.421834 0
-56.421834 77.657993 0
-29.662714 91.292446 0
0.000000 95.990558 0
29.662714 91.292446 0
56.421834 77.657993 0
77.657993 56.421834 0
91.292446 -29.662714 0
77.657993 -56.421834 0
56.421834 -77.657993 0
29.662714 -91.292446 0
-0.000000 -95.990558 0
-29.662714 -91.292446 0
-56.421834 -77.657993 0
-77.657993 -56.421834 0
-91.292446 -29.662714 0
-95.990558 0.000000 0
91.292446 29.662714 0
95.990558 0.000000 0
-93.946437 30.525048 0
-79.915613 58.062091 0
-58.062091 79.915613 0
-30.525048 93.946437 0
0.000000 98.781130 0
30.525048 93.946437 0
58.062091 79.915613 0
79.915613 58.062091 0
93.946437 -30.525048 0
79.915613 -58.062091 0
58.062091 -79.915613 0
30.525048 -93.946437 0
-0.000000 -98.781130 0
-30.525048 -93.946437 0
-58.062091 -79.915613 0
-79.915613 -58.062091 0
-93.946437 -30.525048 0
-98.781130 0.000000 0
93.946437 30.525048 0
98.781130 0.000000 0
-96.594445 31.385438 0
-82.168143 59.698650 0
-59.698650 82.168143 0
-31.385438 96.594445 0
0.000000 101.565410 0
31.385438 96.594445 0
59.698650 82.168143 0
82.168143 59.698650 0
96.594445 -31.385438 0
82.168143 -59.698650 0
59.698650 -82.168143 0
31.385438 -96.594445 0
-0.000000 -101.565410 0
-31.385438 -96.594445 0
-59.698650 -82.168143 0
-82.168143 -59.698650 0
-96.594445 -31.385438 0
-101.565410 0.000000 0
96.594445 31.385438 0
101.565410 0.000000 0
-99.236797 32.243990 0
-84.415862 61.331713 0
-61.331713 84.415862 0
-32.243990 99.236797 0
0.000000 104.343743 0
32.243990 99.236797 0
61.331713 84.415862 0
84.415862 61.331713 0
99.236797 -32.243990 0
84.415862 -61.331713 0
61.331713 -84.415862 0
32.243990 -99.236797 0
-0.000000 -104.343743 0
-32.243990 -99.236797 0
-61.331713 -84.415862 0
-84.415862 -61.331713 0
-99.236797 -32.243990 0
-104.343743 0.000000 0
99.236797 32.243990 0
104.343743 0.000000 0
-101.873795 33.100803 0
-86.659026 62.961468 0
-62.961468 86.659026 0
-33.100803 101.873795 0
0.000000 107.116447 0
33.100803 101.873795 0
62.961468 86.659026 0
86.659026 62.961468 0
101.873795 -33.100803 0
86.659026 -62.961468 0
62.961468 -86.659026 0
33.100803 -101.873795 0
-0.000000 -107.116447 0
-33.100803 -101.873795 0
-62.961468 -86.659026 0
-86.659026 -62.961468 0
-101.873795 -33.100803 0
-107.116447 0.000000 0
101.873795 33.100803 0
107.116447 0.000000 0
-104.505717 33.955966 0
-88.897873 64.588085 0
-64.588085 88.897873 0
-33.955966 104.505717 0
0.000000 109.883814 0
33.955966 104.505717 0
64.588085 88.897873 0
88.897873 64.588085 0
104.505717 -33.955966 0
88.897873 -64.588085 0
64.588085 -88.897873 0
33.955966 -104.505717 0
-0.000000 -109.883814 0
-33.955966 -104.505717 0
-64.588085 -88.897873 0
-88.897873 -64.588085 0
-104.505717 -33.955966 0
-109.883814 0.000000 0
104.505717 33.955966 0
109.883814 0.000000 0
-107.132819 34.809563 0
-91.132619 66.211723 0
-66.211723 91.132619 0
-34.809563 107.132819 0
0.000000 112.646112 0
34.809563 107.132819 0
66.211723 91.132619 0
91.132619 66.211723 0
107.132819 -34.809563 0
91.132619 -66.211723 0
66.211723 -91.132619 0
34.809563 -107.132819 0
-0.000000 -112.646112 0
-34.809563 -107.132819 0
-66.211723 -91.132619 0
-91.132619 -66.211723 0
-107.132819 -34.809563 0
-112.646112 0.000000 0
107.132819 34.809563 0
112.646112 0.000000 0
-109.755337 35.661671 0
-93.363466 67.832529 0
-67.832529 93.363466 0
-35.661671 109.755337 0
0.000000 115.403590 0
35.661671 109.755337 0
67.832529 93.363466 0
93.363466 67.832529 0
109.755337 -35.661671 0
93.363466 -67.832529 0
67.832529 -93.363466 0
35.661671 -109.755337 0
-0.000000 -115.403590 0
-35.661671 -109.755337 0
-67.832529 -93.363466 0
-93.363466 -67.832529 0
-109.755337 -35.661671 0
-115.403590 0.000000 0
109.755337 35.661671 0
115.403590 0.000000 0
-112.373490 36.512360 0
-95.590601 69.450637 0
-69.450637 95.590601 0
-36.512360 112.373490 0
0.000000 118.156480 0
36.512360 112.373490 0
69.450637 95.590601 0
95.590601 69.450637 0
112.373490 -36.512360 0
95.590601 -69.450637 0
69.450637 -95.590601 0
36.512360 -112.373490 0
-0.000000 -118.156480 0
-36.512360 -112.373490 0
-69.450637 -95.590601 0
-95.590601 -69.450637 0
-112.373490 -36.512360 0
-118.156480 0.000000 0
112.373490 36.512360 0
118.156480 0.000000 0
-114.987484 37.361698 0
-97.814196 71.066173 0
-71.066173 97.814196 0
-37.361698 114.987484 0
0.000000 120.904995 0
37.361698 114.987484 0
71.066173 97.814196 0
97.814196 71.066173 0
114.987484 -37.361698 0
97.814196 -71.066173 0
71.066173 -97.814196 0
37.361698 -114.987484 0
-0.000000 -120.904995 0
-37.361698 -114.987484 0
-71.066173 -97.814196 0
-97.814196 -71.066173 0
-114.987484 -37.361698 0
-120.904995 0.000000 0
114.987484 37.361698 0
120.904995 0.000000 0
-117.597505 38.209746 0
-100.034413 72.679255 0
-72.679255 100.034413 0
-38.209746 117.597505 0
0.000000 123.649334 0
38.209746 117.597505 0
72.679255 100.034413 0
100.034413 72.679255 0
117.597505 -38.209746 0
100.034413 -72.679255 0
72.679255 -100.034413 0
38.209746 -117.597505 0
-0.000000 -123.649334 0
-38.209746 -117.597505 0
-72.679255 -100.034413 0
-100.034413 -72.679255 0
-117.597505 -38.209746 0
-123.649334 0.000000 0
117.597505 38.209746 0
123.649334 0.000000 0
-120.203732 39.056560 0
-102.251402 74.289992 0
-74.289992 102.251402 0
-39.056560 120.203732 0
0.000000 126.389684 0
39.056560 120.203732 0
74.289992 102.251402 0
102.251402 74.289992 0
120.203732 -39.056560 0
102.251402 -74.289992 0
74.289992 -102.251402 0
39.056560 -120.203732 0
-0.000000 -126.389684 0
-39.056560 -120.203732 0
-74.289992 -102.251402 0
-102.251402 -74.289992 0
-120.203732 -39.056560 0
-126.389684 0.000000 0
120.203732 39.056560 0
126.389684 0.000000 0
-122.806329 39.902195 0
-104.465303 75.898485 0
-75.898485 104.465303 0
-39.902195 122.806329 0
0.000000 129.126216 0
39.902195 122.806329 0
75.898485 104.465303 0
104.465303 75.898485 0
122.806329 -39.902195 0
104.465303 -75.898485 0
75.898485 -104.465303 0
39.902195 -122.806329 0
-0.000000 -129.126216 0
-39.902195 -122.806329 0
-75.898485 -104.465303 0
-104.465303 -75.898485 0
-122.806329 -39.902195 0
-129.126216 0.000000 0
122.806329 39.902195 0
129.126216 0.000000 0
-125.405450 40.746701 0
-106.676247 77.504830 0
-77.504830 106.676247 0
-40.746701 125.405450 0
0.000000 131.859093 0
40.746701 125.405450 0
77.504830 106.676247 0
106.676247 77.504830 0
125.405450 -40.746701 0
106.676247 -77.504830 0
77.504830 -106.676247 0
40.746701 -125.405450 0
-0.000000 -131.859093 0
-40.746701 -125.405450 0
-77.504830 -106.676247 0
-106.676247 -77.504830 0
-125.405450 -40.746701 0
-131.859093 0.000000 0
125.405450 40.746701 0
131.859093 0.000000 0
-128.001238 41.590123 0
-108.884357 79.109116 0
-79.109116 108.884357 0
-41.590123 128.001238 0
0.000000 134.588467 0
41.590123 128.001238 0
79.109116 108.884357 0
108.884357 79.109116 0
128.001238 -41.590123 0
108.884357 -79.109116 0
79.109116 -108.884357 0
41.590123 -128.001238 0
-0.000000 -134.588467 0
-41.590123 -128.001238 0
-79.109116 -108.884357 0
-108.884357 -79.109116 0
-128.001238 -41.590123 0
-134.588467 0.000000 0
128.001238 41.590123 0
134.588467 0.000000 0
-130.593830 42.432508 0
-111.089747 80.711426 0
-80.711426 111.089747 0
-42.432508 130.593830 0
0.000000 137.314479 0
42.432508 130.593830 0
80.711426 111.089747 0
111.089747 80.711426 0
130.593830 -42.432508 0
111.089747 -80.711426 0
80.711426 -111.089747 0
42.432508 -130.593830 0
-0.000000 -137.314479 0
-42.432508 -130.593830 0
-80.711426 -111.089747 0
-111.089747 -80.711426 0
-130.593830 -42.432508 0
-137.314479 0.000000 0
130.593830 42.432508 0
137.314479 0.000000 0
-133.183353 43.273895 0
-113.292527 82.311839 0
-82.311839 113.292527 0
-43.273895 133.183353 0
0.000000 140.037264 0
43.273895 133.183353 0
82.311839 113.292527 0
113.292527 82.311839 0
133.183353 -43.273895 0
113.292527 -82.311839 0
82.311839 -113.292527 0
43.273895 -133.183353 0
-0.000000 -140.037264 0
-43.273895 -133.183353 0
-82.311839 -113.292527 0
-113.292527 -82.311839 0
-133.183353 -43.273895 0
-140.037264 0.000000 0
133.183353 43.273895 0
140.037264 0.000000 0
-135.769925 44.114323 0
-115.492797 83.910428 0
-83.910428 115.492797 0
-44.114323 135.769925 0
0.000000 142.756947 0
44.114323 135.769925 0
83.910428 115.492797 0
115.492797 83.910428 0
135.769925 -44.114323 0
115.492797 -83.910428 0
83.910428 -115.492797 0
44.114323 -135.769925 0
-0.000000 -142.756947 0
-44.114323 -135.769925 0
-83.910428 -115.492797 0
-115.492797 -83.910428 0
-135.769925 -44.114323 0
-142.756947 0.000000 0
135.769925 44.114323 0
142.756947 0.000000 0
-138.353660 44.953829 0
-117.690652 85.507264 0
-85.507264 117.690652 0
-44.953829 138.353660 0
0.000000 145.473647 0
44.953829 138.353660 0
85.507264 117.690652 0
117.690652 85.507264 0
138.353660 -44.953829 0
117.690652 -85.507264 0
85.507264 -117.690652 0
44.953829 -138.353660 0
-0.000000 -145.473647 0
-44.953829 -138.353660 0
-85.507264 -117.690652 0
-117.690652 -85.507264 0
-138.353660 -44.953829 0
-145.473647 0.000000 0
138.353660 44.953829 0
145.473647 0.000000 0
-140.934663 45.792448 0
-119.886185 87.102412 0
-87.102412 119.886185 0
-45.792448 140.934663 0
0.000000 148.187474 0
45.792448 140.934663 0
87.102412 119.886185 0
119.886185 87.102412 0
140.934663 -45.792448 0
119.886185 -87.102412 0
87.102412 -119.886185 0
45.792448 -140.934663 0
-0.000000 -148.187474 0
-45.792448 -140.934663 0
-87.102412 -119.886185 0
-119.886185 -87.102412 0
-140.934663 -45.792448 0
-148.187474 -0.000000 0
140.934663 45.792448 0
148.187474 0.000000 0
-143.513034 46.630212 0
-122.079479 88.695933 0
-88.695933 122.079479 0
-46.630212 143.513034 0
0.000000 150.898534 0
46.630212 143.513034 0
88.695933 122.079479 0
122.079479 88.695933 0
143.513034 -46.630212 0
122.079479 -88.695933 0
88.695933 -122.079479 0
46.630212 -143.513034 0
-0.000000 -150.898534 0
-46.630212 -143.513034 0
-88.695933 -122.079479 0
-122.079479 -88.695933 0
-143.513034 -46.630212 0
-150.898534 -0.000000 0
143.513034 46.630212 0
150.898534 0.000000 0
-146.088869 47.467151 0
-124.270614 90.287886 0
-90.287886 124.270614 0
-47.467151 146.088869 0
0.000000 153.606927 0
47.467151 146.088869 0
90.287886 124.270614 0
124.270614 90.287886 0
146.088869 -47.467151 0
124.270614 -90.287886 0
90.287886 -124.270614 0
47.467151 -146.088869 0
-0.000000 -153.606927 0
-47.467151 -146.088869 0
-90.287886 -124.270614 0
-124.270614 -90.287886 0
-146.088869 -47.467151 0
-153.606927 -0.000000 0
146.088869 47.467151 0
153.606927 0.000000 0
-148.662256 48.303295 0
-126.459669 91.878327 0
-91.878327 126.459669 0
-48.303295 148.662256 0
0.000000 156.312747 0
48.303295 148.662256 0
91.878327 126.459669 0
126.459669 91.878327 0
148.662256 -48.303295 0
126.459669 -91.878327 0
91.878327 -126.459669 0
48.303295 -148.662256 0
-0.000000 -156.312747 0
-48.303295 -148.662256 0
-91.878327 -126.459669 0
-126.459669 -91.878327 0
-148.662256 -48.303295 0
-156.312747 -0.000000 0
148.662256 48.303295 0
156.312747 0.000000 0
-151.233281 49.138672 0
-128.646713 93.467308 0
-93.467308 128.646713 0
-49.138672 151.233281 0
0.000000 159.016082 0
49.138672 151.233281 0
93.467308 128.646713 0
128.646713 93.467308 0
151.233281 -49.138672 0
128.646713 -93.467308 0
93.467308 -128.646713 0
49.138672 -151.233281 0
-0.000000 -159.016082 0
-49.138672 -151.233281 0
-93.467308 -128.646713 0
-128.646713 -93.467308 0
-151.233281 -49.138672 0
-159.016082 -0.000000 0
151.233281 49.138672 0
159.016082 0.000000 0
-153.802024 49.973307 0
-130.831816 95.054878 0
-95.054878 130.831816 0
-49.973307 153.802024 0
0.000000 161.717018 0
49.973307 153.802024 0
95.054878 130.831816 0
130.831816 95.054878 0
153.802024 -49.973307 0
130.831816 -95.054878 0
95.054878 -130.831816 0
49.973307 -153.802024 0
-0.000000 -161.717018 0
-49.973307 -153.802024 0
-95.054878 -130.831816 0
-130.831816 -95.054878 0
-153.802024 -49.973307 0
-161.717018 -0.000000 0
153.802024 49.973307 0
161.717018 0.000000 0
-156.368560 50.807225 0
-133.015042 96.641085 0
-96.641085 133.015042 0
-50.807225 156.368560 0
0.000000 164.415634 0
50.807225 156.368560 0
96.641085 133.015042 0
133.015042 96.641085 0
156.368560 -50.807225 0
133.015042 -96.641085 0
96.641085 -133.015042 0
50.807225 -156.368560 0
-0.000000 -164.415634 0
-50.807225 -156.368560 0
-96.641085 -133.015042 0
-133.015042 -96.641085 0
-156.368560 -50.807225 0
-164.415634 -0.000000 0
156.368560 50.807225 0
164.415634 0.000000 0
-158.932964 51.640450 0
-135.196454 98.225973 0
-98.225973 135.196454 0
-51.640450 158.932964 0
0.000000 167.112007 0
51.640450 158.932964 0
98.225973 135.196454 0
135.196454 98.225973 0
158.932964 -51.640450 0
135.196454 -98.225973 0
98.225973 -135.196454 0
51.640450 -158.932964 0
-0.000000 -167.112007 0
-51.640450 -158.932964 0
-98.225973 -135.196454 0
-135.196454 -98.225973 0
-158.932964 -51.640450 0
-167.112007 -0.000000 0
158.932964 51.640450 0
167.112007 0.000000 0
-161.495302 52.473005 0
-137.376110 99.809586 0
-99.809586 137.376110 0
-52.473005 161.495302 0
0.000000 169.806210 0
52.473005 161.495302 0
99.809586 137.376110 0
137.376110 99.809586 0
161.495302 -52.473005 0
137.376110 -99.809586 0
99.809586 -137.376110 0
52.473005 -161.495302 0
-0.000000 -169.806210 0
-52.473005 -161.495302 0
-99.809586 -137.376110 0
-137.376110 -99.809586 0
-161.495302 -52.473005 0
-169.806210 -0.000000 0
161.495302 52.473005 0
169.806210 0.000000 0
-164.055642 53.304909 0
-139.554065 101.391963 0
-101.391963 139.554065 0
-53.304909 164.055642 0
0.000000 172.498310 0
53.304909 164.055642 0
101.391963 139.554065 0
139.554065 101.391963 0
164.055642 -53.304909 0
139.554065 -101.391963 0
101.391963 -139.554065 0
53.304909 -164.055642 0
-0.000000 -172.498310 0
-53.304909 -164.055642 0
-101.391963 -139.554065 0
-139.554065 -101.391963 0
-164.055642 -53.304909 0
-172.498310 -0.000000 0
164.055642 53.304909 0
172.498310 0.000000 0
-166.614045 54.136185 0
-141.730372 102.973143 0
-102.973143 141.730372 0
-54.136185 166.614045 0
0.000000 175.188374 0
54.136185 166.614045 0
102.973143 141.730372 0
141.730372 102.973143 0
166.614045 -54.136185 0
141.730372 -102.973143 0
102.973143 -141.730372 0
54.136185 -166.614045 0
-0.000000 -175.188374 0
-54.136185 -166.614045 0
-102.973143 -141.730372 0
-141.730372 -102.973143 0
-166.614045 -54.136185 0
-175.188374 -0.000000 0
166.614045 54.136185 0
175.188374 0.000000 0
-169.170571 54.966851 0
-143.905083 104.553163 0
-104.553163 143.905083 0
-54.966851 169.170571 0
0.000000 177.876465 0
54.966851 169.170571 0
104.553163 143.905083 0
143.905083 104.553163 0
169.170571 -54.966851 0
143.905083 -104.553163 0
104.553163 -143.905083 0
54.966851 -169.170571 0
-0.000000 -177.876465 0
-54.966851 -169.170571 0
-104.553163 -143.905083 0
-143.905083 -104.553163 0
-169.170571 -54.966851 0
-177.876465 -0.000000 0
169.170571 54.966851 0
177.876465 0.000000 0
-171.725277 55.796925 0
-146.078246 106.132058 0
-106.132058 146.078246 0
-55.796925 171.725277 0
0.000000 180.562642 0
55.796925 171.725277 0
106.132058 146.078246 0
146.078246 106.132058 0
171.725277 -55.796925 0
146.078246 -106.132058 0
106.132058 -146.078246 0
55.796925 -171.725277 0
-0.000000 -180.562642 0
-55.796925 -171.725277 0
-106.132058 -146.078246 0
-146.078246 -106.132058 0
-171.725277 -55.796925 0
-180.562642 -0.000000 0
171.725277 55.796925 0
180.562642 0.000000 0
-174.278216 56.626425 0
-148.249906 107.709861 0
-107.709861 148.249906 0
-56.626425 174.278216 0
0.000000 183.246961 0
56.626425 174.278216 0
107.709861 148.249906 0
148.249906 107.709861 0
174.278216 -56.626425 0
148.249906 -107.709861 0
107.709861 -148.249906 0
56.626425 -174.278216 0
-0.000000 -183.246961 0
-56.626425 -174.278216 0
-107.709861 -148.249906 0
-148.249906 -107.709861 0
-174.278216 -56.626425 0
-183.246961 -0.000000 0
174.278216 56.626425 0
183.246961 0.000000 0
-176.829442 57.455368 0
-150.420107 109.286605 0
-109.286605 150.420107 0
-57.455368 176.829442 0
0.000000 185.929478 0
57.455368 176.829442 0
109.286605 150.420107 0
150.420107 109.286605 0
176.829442 -57.455368 0
150.420107 -109.286605 0
109.286605 -150.420107 0
57.455368 -176.829442 0
-0.000000 -185.929478 0
-57.455368 -176.829442 0
-109.286605 -150.420107 0
-150.420107 -109.286605 0
-176.829442 -57.455368 0
-185.929478 -0.000000 0
176.829442 57.455368 0
185.929478 0.000000 0
-179.379002 58.283771 0
-152.588893 110.862320 0
-110.862320 152.588893 0
-58.283771 179.379002 0
0.000000 188.610244 0
58.283771 179.379002 0
110.862320 152.588893 0
152.588893 110.862320 0
179.379002 -58.283771 0
152.588893 -110.862320 0
110.862320 -152.588893 0
58.283771 -179.379002 0
-0.000000 -188.610244 0
-58.283771 -179.379002 0
-110.862320 -152.588893 0
-152.588893 -110.862320 0
-179.379002 -58.283771 0
-188.610244 -0.000000 0
179.379002 58.283771 0
188.610244 0.000000 0
-181.926945 59.111648 0
-154.756302 112.437035 0
-112.437035 154.756302 0
-59.111648 181.926945 0
0.000000 191.289310 0
59.111648 181.926945 0
112.437035 154.756302 0
154.756302 112.437035 0
181.926945 -59.111648 0
154.756302 -112.437035 0
112.437035 -154.756302 0
59.111648 -181.926945 0
-0.000000 -191.289310 0
-59.111648 -181.926945 0
-112.437035 -154.756302 0
-154.756302 -112.437035 0
-181.926945 -59.111648 0
-191.289310 -0.000000 0
181.926945 59.111648 0
191.289310 0.000000 0
-184.473315 59.939014 0
-156.922375 114.010779 0
-114.010779 156.922375 0
-59.939014 184.473315 0
0.000000 193.966722 0
59.939014 184.473315 0
114.010779 156.922375 0
156.922375 114.010779 0
184.473315 -59.939014 0
156.922375 -114.010779 0
114.010779 -156.922375 0
59.939014 -184.473315 0
-0.000000 -193.966722 0
-59.939014 -184.473315 0
-114.010779 -156.922375 0
-156.922375 -114.010779 0
-184.473315 -59.939014 0
-193.966722 -0.000000 0
184.473315 59.939014 0
193.966722 0.000000 0
-187.018157 60.765883 0
-159.087146 115.583577 0
-115.583577 159.087146 0
-60.765883 187.018157 0
0.000000 196.642527 0
60.765883 187.018157 0
115.583577 159.087146 0
159.087146 115.583577 0
187.018157 -60.765883 0
159.087146 -115.583577 0
115.583577 -159.087146 0
60.765883 -187.018157 0
-0.000000 -196.642527 0
-60.765883 -187.018157 0
-115.583577 -159.087146 0
-159.087146 -115.583577 0
-187.018157 -60.765883 0
-196.642527 -0.000000 0
187.018157 60.765883 0
196.642527 0.000000 0
-189.561512 61.592269 0
-161.250653 117.155457 0
-117.155457 161.250653 0
-61.592269 189.561512 0
0.000000 199.316769 0
61.592269 189.561512 0
117.155457 161.250653 0
161.250653 117.155457 0
189.561512 -61.592269 0
161.250653 -117.155457 0
117.155457 -161.250653 0
61.592269 -189.561512 0
-0.000000 -199.316769 0
-61.592269 -189.561512 0
-117.155457 -161.250653 0
-161.250653 -117.155457 0
-189.561512 -61.592269 0
-199.316769 -0.000000 0
189.561512 61.592269 0
199.316769 0.000000 0
-192.103419 62.418185 0
-163.412929 118.726442 0
-118.726442 163.412929 0
-62.418185 192.103419 0
0.000000 201.989488 0
62.418185 192.103419 0
118.726442 163.412929 0
163.412929 118.726442 0
192.103419 -62.418185 0
163.412929 -118.726442 0
118.726442 -163.412929 0
62.418185 -192.103419 0
-0.000000 -201.989488 0
-62.418185 -192.103419 0
-118.726442 -163.412929 0
-163.412929 -118.726442 0
-192.103419 -62.418185 0
-201.989488 -0.000000 0
192.103419 62.418185 0
201.989488 0.000000 0
-194.643917 63.243643 0
-165.574006 120.296557 0
-120.296557 165.574006 0
-63.243643 194.643917 0
0.000000 204.660726 0
63.243643 194.643917 0
120.296557 165.574006 0
165.574006 120.296557 0
194.643917 -63.243643 0
165.574006 -120.296557 0
120.296557 -165.574006 0
63.243643 -194.643917 0
-0.000000 -204.660726 0
-63.243643 -194.643917 0
-120.296557 -165.574006 0
-165.574006 -120.296557 0
-194.643917 -63.243643 0
-204.660726 -0.000000 0
194.643917 63.243643 0
204.660726 0.000000 0
-197.183044 64.068655 0
-167.733916 121.865823 0
-121.865823 167.733916 0
-64.068655 197.183044 0
0.000000 207.330522 0
64.068655 197.183044 0
121.865823 167.733916 0
167.733916 121.865823 0
197.183044 -64.068655 0
167.733916 -121.865823 0
121.865823 -167.733916 0
64.068655 -197.183044 0
-0.000000 -207.330522 0
-64.068655 -197.183044 0
-121.865823 -167.733916 0
-167.733916 -121.865823 0
-197.183044 -64.068655 0
-207.330522 -0.000000 0
197.183044 64.068655 0
207.330522 0.000000 0
-199.720833 64.893232 0
-169.892688 123.434263 0
-123.434263 169.892688 0
-64.893232 199.720833 0
0.000000 209.998912 0
64.893232 199.720833 0
123.434263 169.892688 0
169.892688 123.434263 0
199.720833 -64.893232 0
169.892688 -123.434263 0
123.434263 -169.892688 0
64.893232 -199.720833 0
-0.000000 -209.998912 0
-64.893232 -199.720833 0
-123.434263 -169.892688 0
-169.892688 -123.434263 0
-199.720833 -64.893232 0
-209.998912 -0.000000 0
199.720833 64.893232 0
209.998912 0.000000 0
-202.257320 65.717387 0
-172.050353 125.001898 0
-125.001898 172.050353 0
-65.717387 202.257320 0
0.000000 212.665932 0
65.717387 202.257320 0
125.001898 172.050353 0
172.050353 125.001898 0
202.257320 -65.717387 0
172.050353 -125.001898 0
125.001898 -172.050353 0
65.717387 -202.257320 0
-0.000000 -212.665932 0
-65.717387 -202.257320 0
-125.001898 -172.050353 0
-172.050353 -125.001898 0
-202.257320 -65.717387 0
-212.665932 -0.000000 0
202.257320 65.717387 0
212.665932 0.000000 0
-204.792537 66.541129 0
-174.206937 126.568748 0
-126.568748 174.206937 0
-66.541129 204.792537 0
0.000000 215.331616 0
66.541129 204.792537 0
126.568748 174.206937 0
174.206937 126.568748 0
204.792537 -66.541129 0
174.206937 -126.568748 0
126.568748 -174.206937 0
66.541129 -204.792537 0
-0.000000 -215.331616 0
-66.541129 -204.792537 0
-126.568748 -174.206937 0
-174.206937 -126.568748 0
-204.792537 -66.541129 0
-215.331616 -0.000000 0
204.792537 66.541129 0
215.331616 0.000000 0
