20
-47.552826 15.450850 0
-40.450850 29.389263 0
-29.389263 40.450850 0
-15.450850 47.552826 0
0.000000 50.000000 0
15.450850 47.552826 0
29.389263 40.450850 0
40.450850 29.389263 0
47.552826 -15.450850 0
40.450850 -29.389263 0
29.389263 -40.450850 0
15.450850 -47.552826 0
-0.000000 -50.000000 0
-15.450850 -47.552826 0
-29.389263 -40.450850 0
-40.450850 -29.389263 0
-47.552826 -15.450850 0
-50.000000 0.000000 0
47.552826 15.450850 0
50.000000 0.000000 0
-47.541482 15.447164 0
-40.441200 29.382252 0
-29.382252 40.441200 0
-15.447164 47.541482 0
0.000000 49.988073 0
15.447164 47.541482 0
29.382252 40.441200 0
40.441200 29.382252 0
47.541482 -15.447164 0
40.441200 -29.382252 0
29.382252 -40.441200 0
15.447164 -47.541482 0
-0.000000 -49.988073 0
-15.447164 -47.541482 0
-29.382252 -40.441200 0
-40.441200 -29.382252 0
-47.541482 -15.447164 0
-49.988073 0.000000 0
47.541482 15.447164 0
49.988073 0.000000 0
-47.507446 15.436105 0
-40.412247 29.361216 0
-29.361216 40.412247 0
-15.436105 47.507446 0
0.000000 49.952285 0
15.436105 47.507446 0
29.361216 40.412247 0
40.412247 29.361216 0
47.507446 -15.436105 0
40.412247 -29.361216 0
29.361216 -40.412247 0
15.436105 -47.507446 0
-0.000000 -49.952285 0
-15.436105 -47.507446 0
-29.361216 -40.412247 0
-40.412247 -29.361216 0
-47.507446 -15.436105 0
-49.952285 0.000000 0
47.507446 15.436105 0
49.952285 0.000000 0
-47.450695 15.417666 0
-40.363972 29.326142 0
-29.326142 40.363972 0
-15.417666 47.450695 0
0.000000 49.892614 0
15.417666 47.450695 0
29.326142 40.363972 0
40.363972 29.326142 0
47.450695 -15.417666 0
40.363972 -29.326142 0
29.326142 -40.363972 0
15.417666 -47.450695 0
-0.000000 -49.892614 0
-15.417666 -47.450695 0
-29.326142 -40.363972 0
-40.363972 -29.326142 0
-47.450695 -15.417666 0
-49.892614 0.000000 0
47.450695 15.417666 0
49.892614 0.000000 0
-47.371187 15.391832 0
-40.296338 29.277004 0
-29.277004 40.296338 0
-15.391832 47.371187 0
0.000000 49.809014 0
15.391832 47.371187 0
29.277004 40.296338 0
40.296338 29.277004 0
47.371187 -15.391832 0
40.296338 -29.277004 0
29.277004 -40.296338 0
15.391832 -47.371187 0
-0.000000 -49.809014 0
-15.391832 -47.371187 0
-29.277004 -40.296338 0
-40.296338 -29.277004 0
-47.371187 -15.391832 0
-49.809014 0.000000 0
47.371187 15.391832 0
49.809014 0.000000 0
-47.268855 15.358582 0
-40.209290 29.213759 0
-29.213759 40.209290 0
-15.358582 47.268855 0
0.000000 49.701416 0
15.358582 47.268855 0
29.213759 40.209290 0
40.209290 29.213759 0
47.268855 -15.358582 0
40.209290 -29.213759 0
29.213759 -40.209290 0
15.358582 -47.268855 0
-0.000000 -49.701416 0
-15.358582 -47.268855 0
-29.213759 -40.209290 0
-40.209290 -29.213759 0
-47.268855 -15.358582 0
-49.701416 0.000000 0
47.268855 15.358582 0
49.701416 0.000000 0
-47.143612 15.317888 0
-40.102752 29.136355 0
-29.136355 40.102752 0
-15.317888 47.143612 0
0.000000 49.569728 0
15.317888 47.143612 0
29.136355 40.102752 0
40.102752 29.136355 0
47.143612 -15.317888 0
40.102752 -29.136355 0
29.136355 -40.102752 0
15.317888 -47.143612 0
-0.000000 -49.569728 0
-15.317888 -47.143612 0
-29.136355 -40.102752 0
-40.102752 -29.136355 0
-47.143612 -15.317888 0
-49.569728 0.000000 0
47.143612 15.317888 0
49.569728 0.000000 0
-46.995348 15.269714 0
-39.976631 29.044722 0
-29.044722 39.976631 0
-15.269714 46.995348 0
0.000000 49.413833 0
15.269714 46.995348 0
29.044722 39.976631 0
39.976631 29.044722 0
46.995348 -15.269714 0
39.976631 -29.044722 0
29.044722 -39.976631 0
15.269714 -46.995348 0
-0.000000 -49.413833 0
-15.269714 -46.995348 0
-29.044722 -39.976631 0
-39.976631 -29.044722 0
-46.995348 -15.269714 0
-49.413833 0.000000 0
46.995348 15.269714 0
49.413833 0.000000 0
-46.823928 15.214016 0
-39.830812 28.938779 0
-28.938779 39.830812 0
-15.214016 46.823928 0
0.000000 49.233591 0
15.214016 46.823928 0
28.938779 39.830812 0
39.830812 28.938779 0
46.823928 -15.214016 0
39.830812 -28.938779 0
28.938779 -39.830812 0
15.214016 -46.823928 0
-0.000000 -49.233591 0
-15.214016 -46.823928 0
-28.938779 -39.830812 0
-39.830812 -28.938779 0
-46.823928 -15.214016 0
-49.233591 0.000000 0
46.823928 15.214016 0
49.233591 0.000000 0
-46.629193 15.150743 0
-39.665161 28.818426 0
-28.818426 39.665161 0
-15.150743 46.629193 0
0.000000 49.028835 0
15.150743 46.629193 0
28.818426 39.665161 0
39.665161 28.818426 0
46.629193 -15.150743 0
39.665161 -28.818426 0
28.818426 -39.665161 0
15.150743 -46.629193 0
-0.000000 -49.028835 0
-15.150743 -46.629193 0
-28.818426 -39.665161 0
-39.665161 -28.818426 0
-46.629193 -15.150743 0
-49.028835 0.000000 0
46.629193 15.150743 0
49.028835 0.000000 0
-46.410962 15.079836 0
-39.479523 28.683552 0
-28.683552 39.479523 0
-15.079836 46.410962 0
0.000000 48.799374 0
15.079836 46.410962 0
28.683552 39.479523 0
39.479523 28.683552 0
46.410962 -15.079836 0
39.479523 -28.683552 0
28.683552 -39.479523 0
15.079836 -46.410962 0
-0.000000 -48.799374 0
-15.079836 -46.410962 0
-28.683552 -39.479523 0
-39.479523 -28.683552 0
-46.410962 -15.079836 0
-48.799374 0.000000 0
46.410962 15.079836 0
48.799374 0.000000 0
-46.169025 15.001226 0
-39.273718 28.534027 0
-28.534027 39.273718 0
-15.001226 46.169025 0
0.000000 48.544986 0
15.001226 46.169025 0
28.534027 39.273718 0
39.273718 28.534027 0
46.169025 -15.001226 0
39.273718 -28.534027 0
28.534027 -39.273718 0
15.001226 -46.169025 0
-0.000000 -48.544986 0
-15.001226 -46.169025 0
-28.534027 -39.273718 0
-39.273718 -28.534027 0
-46.169025 -15.001226 0
-48.544986 0.000000 0
46.169025 15.001226 0
48.544986 0.000000 0
-45.903145 14.914836 0
-39.047548 28.369704 0
-28.369704 39.047548 0
-14.914836 45.903145 0
0.000000 48.265423 0
14.914836 45.903145 0
28.369704 39.047548 0
39.047548 28.369704 0
45.903145 -14.914836 0
39.047548 -28.369704 0
28.369704 -39.047548 0
14.914836 -45.903145 0
-0.000000 -48.265423 0
-14.914836 -45.903145 0
-28.369704 -39.047548 0
-39.047548 -28.369704 0
-45.903145 -14.914836 0
-48.265423 -0.000000 0
45.903145 14.914836 0
48.265423 0.000000 0
-45.613058 14.820581 0
-38.800785 28.190420 0
-28.190420 38.800785 0
-14.820581 45.613058 0
0.000000 47.960407 0
14.820581 45.613058 0
28.190420 38.800785 0
38.800785 28.190420 0
45.613058 -14.820581 0
38.800785 -28.190420 0
28.190420 -38.800785 0
14.820581 -45.613058 0
-0.000000 -47.960407 0
-14.820581 -45.613058 0
-28.190420 -38.800785 0
-38.800785 -28.190420 0
-45.613058 -14.820581 0
-47.960407 -0.000000 0
45.613058 14.820581 0
47.960407 0.000000 0
-45.298468 14.718365 0
-38.533179 27.995993 0
-27.995993 38.533179 0
-14.718365 45.298468 0
0.000000 47.629628 0
14.718365 45.298468 0
27.995993 38.533179 0
38.533179 27.995993 0
45.298468 -14.718365 0
38.533179 -27.995993 0
27.995993 -38.533179 0
14.718365 -45.298468 0
-0.000000 -47.629628 0
-14.718365 -45.298468 0
-27.995993 -38.533179 0
-38.533179 -27.995993 0
-45.298468 -14.718365 0
-47.629628 -0.000000 0
45.298468 14.718365 0
47.629628 0.000000 0
-44.959049 14.608080 0
-38.244451 27.786220 0
-27.786220 38.244451 0
-14.608080 44.959049 0
0.000000 47.272741 0
14.608080 44.959049 0
27.786220 38.244451 0
38.244451 27.786220 0
44.959049 -14.608080 0
38.244451 -27.786220 0
27.786220 -38.244451 0
14.608080 -44.959049 0
-0.000000 -47.272741 0
-14.608080 -44.959049 0
-27.786220 -38.244451 0
-38.244451 -27.786220 0
-44.959049 -14.608080 0
-47.272741 -0.000000 0
44.959049 14.608080 0
47.272741 0.000000 0
-44.594438 14.489611 0
-37.934295 27.560879 0
-27.560879 37.934295 0
-14.489611 44.594438 0
0.000000 46.889367 0
14.489611 44.594438 0
27.560879 37.934295 0
37.934295 27.560879 0
44.594438 -14.489611 0
37.934295 -27.560879 0
27.560879 -37.934295 0
14.489611 -44.594438 0
-0.000000 -46.889367 0
-14.489611 -44.594438 0
-27.560879 -37.934295 0
-37.934295 -27.560879 0
-44.594438 -14.489611 0
-46.889367 -0.000000 0
44.594438 14.489611 0
46.889367 0.000000 0
-44.204239 14.362828 0
-37.602371 27.319722 0
-27.319722 37.602371 0
-14.362828 44.204239 0
0.000000 46.479087 0
14.362828 44.204239 0
27.319722 37.602371 0
37.602371 27.319722 0
44.204239 -14.362828 0
37.602371 -27.319722 0
27.319722 -37.602371 0
14.362828 -44.204239 0
-0.000000 -46.479087 0
-14.362828 -44.204239 0
-27.319722 -37.602371 0
-37.602371 -27.319722 0
-44.204239 -14.362828 0
-46.479087 -0.000000 0
44.204239 14.362828 0
46.479087 0.000000 0
-43.788013 14.227588 0
-37.248309 27.062481 0
-27.062481 37.248309 0
-14.227588 43.788013 0
0.000000 46.041442 0
14.227588 43.788013 0
27.062481 37.248309 0
37.248309 27.062481 0
43.788013 -14.227588 0
37.248309 -27.062481 0
27.062481 -37.248309 0
14.227588 -43.788013 0
-0.000000 -46.041442 0
-14.227588 -43.788013 0
-27.062481 -37.248309 0
-37.248309 -27.062481 0
-43.788013 -14.227588 0
-46.041442 -0.000000 0
43.788013 14.227588 0
46.041442 0.000000 0
-43.345283 14.083736 0
-36.871700 26.788858 0
-26.788858 36.871700 0
-14.083736 43.345283 0
0.000000 45.575927 0
14.083736 43.345283 0
26.788858 36.871700 0
36.871700 26.788858 0
43.345283 -14.083736 0
36.871700 -26.788858 0
26.788858 -36.871700 0
14.083736 -43.345283 0
-0.000000 -45.575927 0
-14.083736 -43.345283 0
-26.788858 -36.871700 0
-36.871700 -26.788858 0
-43.345283 -14.083736 0
-45.575927 -0.000000 0
43.345283 14.083736 0
45.575927 0.000000 0
-42.875521 13.931101 0
-36.472097 26.498529 0
-26.498529 36.472097 0
-13.931101 42.875521 0
0.000000 45.081991 0
13.931101 42.875521 0
26.498529 36.472097 0
36.472097 26.498529 0
42.875521 -13.931101 0
36.472097 -26.498529 0
26.498529 -36.472097 0
13.931101 -42.875521 0
-0.000000 -45.081991 0
-13.931101 -42.875521 0
-26.498529 -36.472097 0
-36.472097 -26.498529 0
-42.875521 -13.931101 0
-45.081991 -0.000000 0
42.875521 13.931101 0
45.081991 0.000000 0
-42.378153 13.769497 0
-36.049010 26.191139 0
-26.191139 36.049010 0
-13.769497 42.378153 0
0.000000 44.559027 0
13.769497 42.378153 0
26.191139 36.049010 0
36.049010 26.191139 0
42.378153 -13.769497 0
36.049010 -26.191139 0
26.191139 -36.049010 0
13.769497 -42.378153 0
-0.000000 -44.559027 0
-13.769497 -42.378153 0
-26.191139 -36.049010 0
-36.049010 -26.191139 0
-42.378153 -13.769497 0
-44.559027 -0.000000 0
42.378153 13.769497 0
44.559027 0.000000 0
-41.852549 13.598717 0
-35.601904 25.866298 0
-25.866298 35.601904 0
-13.598717 41.852549 0
0.000000 44.006374 0
13.598717 41.852549 0
25.866298 35.601904 0
35.601904 25.866298 0
41.852549 -13.598717 0
35.601904 -25.866298 0
25.866298 -35.601904 0
13.598717 -41.852549 0
-0.000000 -44.006374 0
-13.598717 -41.852549 0
-25.866298 -35.601904 0
-35.601904 -25.866298 0
-41.852549 -13.598717 0
-44.006374 -0.000000 0
41.852549 13.598717 0
44.006374 0.000000 0
-41.298017 13.418539 0
-35.130192 25.523578 0
-25.523578 35.130192 0
-13.418539 41.298017 0
0.000000 43.423305 0
13.418539 41.298017 0
25.523578 35.130192 0
35.130192 25.523578 0
41.298017 -13.418539 0
35.130192 -25.523578 0
25.523578 -35.130192 0
13.418539 -41.298017 0
-0.000000 -43.423305 0
-13.418539 -41.298017 0
-25.523578 -35.130192 0
-35.130192 -25.523578 0
-41.298017 -13.418539 0
-43.423305 -0.000000 0
41.298017 13.418539 0
43.423305 0.000000 0
-40.713802 13.228716 0
-34.633228 25.162513 0
-25.162513 34.633228 0
-13.228716 40.713802 0
0.000000 42.809024 0
13.228716 40.713802 0
25.162513 34.633228 0
34.633228 25.162513 0
40.713802 -13.228716 0
34.633228 -25.162513 0
25.162513 -34.633228 0
13.228716 -40.713802 0
-0.000000 -42.809024 0
-13.228716 -40.713802 0
-25.162513 -34.633228 0
-34.633228 -25.162513 0
-40.713802 -13.228716 0
-42.809024 -0.000000 0
40.713802 13.228716 0
42.809024 0.000000 0
-40.099071 13.028978 0
-34.110307 24.782589 0
-24.782589 34.110307 0
-13.028978 40.099071 0
0.000000 42.162659 0
13.028978 40.099071 0
24.782589 34.110307 0
34.110307 24.782589 0
40.099071 -13.028978 0
34.110307 -24.782589 0
24.782589 -34.110307 0
13.028978 -40.099071 0
-0.000000 -42.162659 0
-13.028978 -40.099071 0
-24.782589 -34.110307 0
-34.110307 -24.782589 0
-40.099071 -13.028978 0
-42.162659 -0.000000 0
40.099071 13.028978 0
42.162659 0.000000 0
-39.452914 12.819029 0
-33.560653 24.383242 0
-24.383242 33.560653 0
-12.819029 39.452914 0
0.000000 41.483248 0
12.819029 39.452914 0
24.383242 33.560653 0
33.560653 24.383242 0
39.452914 -12.819029 0
33.560653 -24.383242 0
24.383242 -33.560653 0
12.819029 -39.452914 0
-0.000000 -41.483248 0
-12.819029 -39.452914 0
-24.383242 -33.560653 0
-33.560653 -24.383242 0
-39.452914 -12.819029 0
-41.483248 -0.000000 0
39.452914 12.819029 0
41.483248 0.000000 0
-38.774324 12.598542 0
-32.983410 23.963850 0
-23.963850 32.983410 0
-12.598542 38.774324 0
0.000000 40.769737 0
12.598542 38.774324 0
23.963850 32.983410 0
32.983410 23.963850 0
38.774324 -12.598542 0
32.983410 -23.963850 0
23.963850 -32.983410 0
12.598542 -38.774324 0
-0.000000 -40.769737 0
-12.598542 -38.774324 0
-23.963850 -32.983410 0
-32.983410 -23.963850 0
-38.774324 -12.598542 0
-40.769737 -0.000000 0
38.774324 12.598542 0
40.769737 0.000000 0
-38.062193 12.367156 0
-32.377635 23.523729 0
-23.523729 32.377635 0
-12.367156 38.062193 0
0.000000 40.020958 0
12.367156 38.062193 0
23.523729 32.377635 0
32.377635 23.523729 0
38.062193 -12.367156 0
32.377635 -23.523729 0
23.523729 -32.377635 0
12.367156 -38.062193 0
-0.000000 -40.020958 0
-12.367156 -38.062193 0
-23.523729 -32.377635 0
-32.377635 -23.523729 0
-38.062193 -12.367156 0
-40.020958 -0.000000 0
38.062193 12.367156 0
40.020958 0.000000 0
-37.315295 12.124474 0
-31.742286 23.062120 0
-23.062120 31.742286 0
-12.124474 37.315295 0
-0.000000 39.235623 0
12.124474 37.315295 0
23.062120 31.742286 0
31.742286 23.062120 0
37.315295 -12.124474 0
31.742286 -23.062120 0
23.062120 -31.742286 0
12.124474 -37.315295 0
-0.000000 -39.235623 0
-12.124474 -37.315295 0
-23.062120 -31.742286 0
-31.742286 -23.062120 0
-37.315295 -12.124474 0
-39.235623 -0.000000 0
37.315295 12.124474 0
39.235623 0.000000 0
-36.532269 11.870054 0
-31.076204 22.578184 0
-22.578184 31.076204 0
-11.870054 36.532269 0
-0.000000 38.412301 0
11.870054 36.532269 0
22.578184 31.076204 0
31.076204 22.578184 0
36.532269 -11.870054 0
31.076204 -22.578184 0
22.578184 -31.076204 0
11.870054 -36.532269 0
-0.000000 -38.412301 0
-11.870054 -36.532269 0
-22.578184 -31.076204 0
-31.076204 -22.578184 0
-36.532269 -11.870054 0
-38.412301 -0.000000 0
36.532269 11.870054 0
38.412301 0.000000 0
-35.711601 11.603403 0
-30.378103 22.070983 0
-22.070983 30.378103 0
-11.603403 35.711601 0
-0.000000 37.549400 0
11.603403 35.711601 0
22.070983 30.378103 0
30.378103 22.070983 0
35.711601 -11.603403 0
30.378103 -22.070983 0
22.070983 -30.378103 0
11.603403 -35.711601 0
-0.000000 -37.549400 0
-11.603403 -35.711601 0
-22.070983 -30.378103 0
-30.378103 -22.070983 0
-35.711601 -11.603403 0
-37.549400 -0.000000 0
35.711601 11.603403 0
37.549400 0.000000 0
-34.851601 11.323971 0
-29.646542 21.539474 0
-21.539474 29.646542 0
-11.323971 34.851601 0
-0.000000 36.645142 0
11.323971 34.851601 0
21.539474 29.646542 0
29.646542 21.539474 0
34.851601 -11.323971 0
29.646542 -21.539474 0
21.539474 -29.646542 0
11.323971 -34.851601 0
-0.000000 -36.645142 0
-11.323971 -34.851601 0
-21.539474 -29.646542 0
-29.646542 -21.539474 0
-34.851601 -11.323971 0
-36.645142 -0.000000 0
34.851601 11.323971 0
36.645142 0.000000 0
-33.950368 11.031143 0
-28.879908 20.982481 0
-20.982481 28.879908 0
-11.031143 33.950368 0
-0.000000 35.697530 0
11.031143 33.950368 0
20.982481 28.879908 0
28.879908 20.982481 0
33.950368 -11.031143 0
28.879908 -20.982481 0
20.982481 -28.879908 0
11.031143 -33.950368 0
-0.000000 -35.697530 0
-11.031143 -33.950368 0
-20.982481 -28.879908 0
-28.879908 -20.982481 0
-33.950368 -11.031143 0
-35.697530 -0.000000 0
33.950368 11.031143 0
35.697530 0.000000 0
-33.005763 10.724222 0
-28.076379 20.398683 0
-20.398683 28.076379 0
-10.724222 33.005763 0
-0.000000 34.704313 0
10.724222 33.005763 0
20.398683 28.076379 0
28.076379 20.398683 0
33.005763 -10.724222 0
28.076379 -20.398683 0
20.398683 -28.076379 0
10.724222 -33.005763 0
-0.000000 -34.704313 0
-10.724222 -33.005763 0
-20.398683 -28.076379 0
-28.076379 -20.398683 0
-33.005763 -10.724222 0
-34.704313 -0.000000 0
33.005763 10.724222 0
34.704313 0.000000 0
-32.015357 10.402420 0
-27.233889 19.786579 0
-19.786579 27.233889 0
-10.402420 32.015357 0
-0.000000 33.662939 0
10.402420 32.015357 0
19.786579 27.233889 0
27.233889 19.786579 0
32.015357 -10.402420 0
27.233889 -19.786579 0
19.786579 -27.233889 0
10.402420 -32.015357 0
-0.000000 -33.662939 0
-10.402420 -32.015357 0
-19.786579 -27.233889 0
-27.233889 -19.786579 0
-32.015357 -10.402420 0
-33.662939 -0.000000 0
32.015357 10.402420 0
33.662939 0.000000 0
-30.976379 10.064836 0
-26.350082 19.144455 0
-19.144455 26.350082 0
-10.064836 30.976379 0
-0.000000 32.570492 0
10.064836 30.976379 0
19.144455 26.350082 0
26.350082 19.144455 0
30.976379 -10.064836 0
26.350082 -19.144455 0
19.144455 -26.350082 0
10.064836 -30.976379 0
-0.000000 -32.570492 0
-10.064836 -30.976379 0
-19.144455 -26.350082 0
-26.350082 -19.144455 0
-30.976379 -10.064836 0
-32.570492 -0.000000 0
30.976379 10.064836 0
32.570492 0.000000 0
-29.885642 9.710434 0
-25.422246 18.470343 0
-18.470343 25.422246 0
-9.710434 29.885642 0
-0.000000 31.423624 0
9.710434 29.885642 0
18.470343 25.422246 0
25.422246 18.470343 0
29.885642 -9.710434 0
25.422246 -18.470343 0
18.470343 -25.422246 0
9.710434 -29.885642 0
-0.000000 -31.423624 0
-9.710434 -29.885642 0
-18.470343 -25.422246 0
-25.422246 -18.470343 0
-29.885642 -9.710434 0
-31.423624 -0.000000 0
29.885642 9.710434 0
31.423624 0.000000 0
-28.739453 9.338014 0
-24.447239 17.761959 0
-17.761959 24.447239 0
-9.338014 28.739453 0
-0.000000 30.218449 0
9.338014 28.739453 0
17.761959 24.447239 0
24.447239 17.761959 0
28.739453 -9.338014 0
24.447239 -17.761959 0
17.761959 -24.447239 0
9.338014 -28.739453 0
-0.000000 -30.218449 0
-9.338014 -28.739453 0
-17.761959 -24.447239 0
-24.447239 -17.761959 0
-28.739453 -9.338014 0
-30.218449 -0.000000 0
28.739453 9.338014 0
30.218449 0.000000 0
-27.533489 8.946173 0
-23.421384 17.016632 0
-17.016632 23.421384 0
-8.946173 27.533489 0
-0.000000 28.950423 0
8.946173 27.533489 0
17.016632 23.421384 0
23.421384 17.016632 0
27.533489 -8.946173 0
23.421384 -17.016632 0
17.016632 -23.421384 0
8.946173 -27.533489 0
-0.000000 -28.950423 0
-8.946173 -27.533489 0
-17.016632 -23.421384 0
-23.421384 -17.016632 0
-27.533489 -8.946173 0
-28.950423 -0.000000 0
27.533489 8.946173 0
28.950423 0.000000 0
-26.262631 8.533246 0
-22.340329 16.231199 0
-16.231199 22.340329 0
-8.533246 26.262631 0
0.000000 27.614165 0
8.533246 26.262631 0
16.231199 22.340329 0
22.340329 16.231199 0
26.262631 -8.533246 0
22.340329 -16.231199 0
16.231199 -22.340329 0
8.533246 -26.262631 0
-0.000000 -27.614165 0
-8.533246 -26.262631 0
-16.231199 -22.340329 0
-22.340329 -16.231199 0
-26.262631 -8.533246 0
-27.614165 -0.000000 0
26.262631 8.533246 0
27.614165 0.000000 0
-24.920748 8.097242 0
-21.198854 15.401869 0
-15.401869 21.198854 0
-8.097242 24.920748 0
0.000000 26.203225 0
8.097242 24.920748 0
15.401869 21.198854 0
21.198854 15.401869 0
24.920748 -8.097242 0
21.198854 -15.401869 0
15.401869 -21.198854 0
8.097242 -24.920748 0
-0.000000 -26.203225 0
-8.097242 -24.920748 0
-15.401869 -21.198854 0
-21.198854 -15.401869 0
-24.920748 -8.097242 0
-26.203225 -0.000000 0
24.920748 8.097242 0
26.203225 0.000000 0
-23.500371 7.635733 0
-19.990610 14.524028 0
-14.524028 19.990610 0
-7.635733 23.500371 0
0.000000 24.709752 0
7.635733 23.500371 0
14.524028 19.990610 0
19.990610 14.524028 0
23.500371 -7.635733 0
19.990610 -14.524028 0
14.524028 -19.990610 0
7.635733 -23.500371 0
-0.000000 -24.709752 0
-7.635733 -23.500371 0
-14.524028 -19.990610 0
-19.990610 -14.524028 0
-23.500371 -7.635733 0
-24.709752 -0.000000 0
23.500371 7.635733 0
24.709752 0.000000 0
-21.992245 7.145713 0
-18.707721 13.591955 0
-13.591955 18.707721 0
-7.145713 21.992245 0
0.000000 23.124014 0
7.145713 21.992245 0
13.591955 18.707721 0
18.707721 13.591955 0
21.992245 -7.145713 0
18.707721 -13.591955 0
13.591955 -18.707721 0
7.145713 -21.992245 0
-0.000000 -23.124014 0
-7.145713 -21.992245 0
-13.591955 -18.707721 0
-18.707721 -13.591955 0
-21.992245 -7.145713 0
-23.124014 -0.000000 0
21.992245 7.145713 0
23.124014 0.000000 0
-20.384636 6.623370 0
-17.340207 12.598398 0
-12.598398 17.340207 0
-6.623370 20.384636 0
0.000000 21.433675 0
6.623370 20.384636 0
12.598398 17.340207 0
17.340207 12.598398 0
20.384636 -6.623370 0
17.340207 -12.598398 0
12.598398 -17.340207 0
6.623370 -20.384636 0
-0.000000 -21.433675 0
-6.623370 -20.384636 0
-12.598398 -17.340207 0
-17.340207 -12.598398 0
-20.384636 -6.623370 0
-21.433675 -0.000000 0
20.384636 6.623370 0
21.433675 0.000000 0
-18.662262 6.063736 0
-15.875068 11.533912 0
-11.533912 15.875068 0
-6.063736 18.662262 0
0.000000 19.622663 0
6.063736 18.662262 0
11.533912 15.875068 0
15.875068 11.533912 0
18.662262 -6.063736 0
15.875068 -11.533912 0
11.533912 -15.875068 0
6.063736 -18.662262 0
-0.000000 -19.622663 0
-6.063736 -18.662262 0
-11.533912 -15.875068 0
-15.875068 -11.533912 0
-18.662262 -6.063736 0
-19.622663 -0.000000 0
18.662262 6.063736 0
19.622663 0.000000 0
-16.804507 5.460115 0
-14.294767 10.385756 0
-10.385756 14.294767 0
-5.460115 16.804507 0
0.000000 17.669304 0
5.460115 16.804507 0
10.385756 14.294767 0
14.294767 10.385756 0
16.804507 -5.460115 0
14.294767 -10.385756 0
10.385756 -14.294767 0
5.460115 -16.804507 0
-0.000000 -17.669304 0
-5.460115 -16.804507 0
-10.385756 -14.294767 0
-14.294767 -10.385756 0
-16.804507 -5.460115 0
-17.669304 -0.000000 0
16.804507 5.460115 0
17.669304 0.000000 0
-14.782267 4.803050 0
-12.574547 9.135943 0
-9.135943 12.574547 0
-4.803050 14.782267 0
0.000000 15.542995 0
4.803050 14.782267 0
9.135943 12.574547 0
12.574547 9.135943 0
14.782267 -4.803050 0
12.574547 -9.135943 0
9.135943 -12.574547 0
4.803050 -14.782267 0
-0.000000 -15.542995 0
-4.803050 -14.782267 0
-9.135943 -12.574547 0
-12.574547 -9.135943 0
-14.782267 -4.803050 0
-15.542995 -0.000000 0
14.782267 4.803050 0
15.542995 0.000000 0
-12.551804 4.078328 0
-10.677202 7.757441 0
-7.757441 10.677202 0
-4.078328 12.551804 0
0.000000 13.197747 0
4.078328 12.551804 0
7.757441 10.677202 0
10.677202 7.757441 0
12.551804 -4.078328 0
10.677202 -7.757441 0
7.757441 -10.677202 0
4.078328 -12.551804 0
-0.000000 -13.197747 0
-4.078328 -12.551804 0
-7.757441 -10.677202 0
-10.677202 -7.757441 0
-12.551804 -4.078328 0
-13.197747 -0.000000 0
12.551804 4.078328 0
13.197747 0.000000 0
-10.041139 3.262564 0
-8.541503 6.205765 0
-6.205765 8.541503 0
-3.262564 10.041139 0
0.000000 10.557878 0
3.262564 10.041139 0
6.205765 8.541503 0
8.541503 6.205765 0
10.041139 -3.262564 0
8.541503 -6.205765 0
6.205765 -8.541503 0
3.262564 -10.041139 0
-0.000000 -10.557878 0
-3.262564 -10.041139 0
-6.205765 -8.541503 0
-8.541503 -6.205765 0
-10.041139 -3.262564 0
-10.557878 -0.000000 0
10.041139 3.262564 0
10.557878 0.000000 0
-7.113247 2.311234 0
-6.050890 4.396229 0
-4.396229 6.050890 0
-2.311234 7.113247 0
0.000000 7.479311 0
2.311234 7.113247 0
4.396229 6.050890 0
6.050890 4.396229 0
7.113247 -2.311234 0
6.050890 -4.396229 0
4.396229 -6.050890 0
2.311234 -7.113247 0
-0.000000 -7.479311 0
-2.311234 -7.113247 0
-4.396229 -6.050890 0
-6.050890 -4.396229 0
-7.113247 -2.311234 0
-7.479311 -0.000000 0
7.113247 2.311234 0
7.479311 0.000000 0
-3.423990 1.112522 0
-2.912620 2.116142 0
-2.116142 2.912620 0
-1.112522 3.423990 0
0.000000 3.600196 0
1.112522 3.423990 0
2.116142 2.912620 0
2.912620 2.116142 0
3.423990 -1.112522 0
2.912620 -2.116142 0
2.116142 -2.912620 0
1.112522 -3.423990 0
-0.000000 -3.600196 0
-1.112522 -3.423990 0
-2.116142 -2.912620 0
-2.912620 -2.116142 0
-3.423990 -1.112522 0
-3.600196 -0.000000 0
3.423990 1.112522 0
3.600196 0.000000 0
2.960183 -0.961822 0
2.518082 -1.829493 0
1.829493 -2.518082 0
0.961822 -2.960183 0
0.000000 -3.112520 0
-0.961822 -2.960183 0
-1.829493 -2.518082 0
-2.518082 -1.829493 0
-2.960183 0.961822 0
-2.518082 1.829493 0
-1.829493 2.518082 0
-0.961822 2.960183 0
-0.000000 3.112520 0
0.961822 2.960183 0
1.829493 2.518082 0
2.518082 1.829493 0
2.960183 0.961822 0
3.112520 -0.000000 0
-2.960183 -0.961822 0
-3.112520 0.000000 0
8.605015 -2.795939 0
7.319863 -5.318192 0
5.318192 -7.319863 0
2.795939 -8.605015 0
0.000000 -9.047848 0
-2.795939 -8.605015 0
-5.318192 -7.319863 0
-7.319863 -5.318192 0
-8.605015 2.795939 0
-7.319863 5.318192 0
-5.318192 7.319863 0
-2.795939 8.605015 0
-0.000000 9.047848 0
2.795939 8.605015 0
5.318191 7.319863 0
7.319863 5.318191 0
8.605015 2.795939 0
9.047848 -0.000000 0
-8.605015 -2.795939 0
-9.047848 0.000000 0
10.976127 -3.566360 0
9.336852 -6.783620 0
6.783620 -9.336852 0
3.566360 -10.976127 0
0.000000 -11.540983 0
-3.566360 -10.976127 0
-6.783620 -9.336852 0
-9.336852 -6.783620 0
-10.976127 3.566360 0
-9.336852 6.783620 0
-6.783620 9.336852 0
-3.566360 10.976127 0
-0.000000 11.540983 0
3.566360 10.976127 0
6.783620 9.336852 0
9.336852 6.783619 0
10.976127 3.566360 0
11.540983 -0.000000 0
-10.976127 -3.566360 0
-11.540983 0.000000 0
12.787907 -4.155042 0
10.878043 -7.903361 0
7.903361 -10.878043 0
4.155043 -12.787906 0
0.000000 -13.446001 0
-4.155043 -12.787906 0
-7.903361 -10.878043 0
-10.878043 -7.903361 0
-12.787907 4.155043 0
-10.878043 7.903361 0
-7.903361 10.878043 0
-4.155043 12.787907 0
-0.000000 13.446001 0
4.155043 12.787906 0
7.903360 10.878043 0
10.878044 7.903360 0
12.787906 4.155044 0
13.446001 -0.000001 0
-12.787906 -4.155043 0
-13.446001 0.000000 0
14.229913 -4.623579 0
12.104687 -8.794570 0
8.794570 -12.104687 0
4.623579 -14.229913 0
0.000000 -14.962216 0
-4.623580 -14.229913 0
-8.794569 -12.104688 0
-12.104688 -8.794569 0
-14.229913 4.623579 0
-12.104687 8.794570 0
-8.794570 12.104687 0
-4.623579 14.229913 0
-0.000000 14.962216 0
4.623580 14.229913 0
8.794569 12.104688 0
12.104688 8.794569 0
14.229913 4.623581 0
14.962216 -0.000001 0
-14.229913 -4.623580 0
-14.962216 0.000000 0
15.388385 -4.999988 0
13.090142 -9.510545 0
9.510544 -13.090142 0
4.999990 -15.388385 0
0.000000 -16.180305 0
-4.999990 -15.388384 0
-9.510544 -13.090143 0
-13.090143 -9.510544 0
-15.388385 4.999989 0
-13.090142 9.510545 0
-9.510545 13.090142 0
-4.999989 15.388385 0
-0.000000 16.180305 0
4.999991 15.388384 0
9.510543 13.090143 0
13.090144 9.510542 0
15.388384 4.999993 0
16.180305 -0.000003 0
-15.388384 -4.999991 0
-16.180305 0.000001 0
16.311857 -5.300042 0
13.875694 -10.081281 0
10.081280 -13.875695 0
5.300044 -16.311856 0
0.000000 -17.151301 0
-5.300045 -16.311856 0
-10.081280 -13.875695 0
-13.875695 -10.081279 0
-16.311856 5.300043 0
-13.875694 10.081282 0
-10.081281 13.875694 0
-5.300044 16.311856 0
-0.000001 17.151301 0
5.300046 16.311856 0
10.081278 13.875696 0
13.875697 10.081277 0
16.311854 5.300049 0
17.151301 -0.000005 0
-16.311856 -5.300046 0
-17.151301 0.000002 0
17.030602 -5.533575 0
14.487095 -10.525489 0
10.525488 -14.487096 0
5.533579 -17.030600 0
0.000000 -17.907033 0
-5.533580 -17.030600 0
-10.525487 -14.487097 0
-14.487097 -10.525487 0
-17.030601 5.533576 0
-14.487094 10.525490 0
-10.525490 14.487095 0
-5.533578 17.030601 0
-0.000001 17.907033 0
5.533581 17.030600 0
10.525484 14.487099 0
14.487100 10.525482 0
17.030598 5.533588 0
17.907033 -0.000008 0
-17.030600 -5.533581 0
-17.907033 0.000003 0
17.564503 -5.707048 0
14.941258 -10.855458 0
10.855456 -14.941260 0
5.707055 -17.564501 0
0.000001 -18.468410 0
-5.707057 -17.564500 0
-10.855454 -14.941262 0
-14.941262 -10.855453 0
-17.564502 5.707051 0
-14.941258 10.855459 0
-10.855458 14.941258 0
-5.707053 17.564502 0
-0.000002 18.468410 0
5.707059 17.564500 0
10.855449 14.941265 0
14.941267 10.855445 0
17.564496 5.707069 0
18.468410 -0.000012 0
-17.564500 -5.707058 0
-18.468410 0.000004 0
