11
-47.552826 15.450850 0
-40.450850 29.389263 0
-29.389263 40.450850 0
-15.450850 47.552826 0
0.000000 50.000000 0
15.450850 47.552826 0
29.389263 40.450850 0
40.450850 29.389263 0
-50.000000 0.000000 0
47.552826 15.450850 0
50.000000 0.000000 0
-52.298899 16.999257 0
-44.487394 32.325653 0
-32.321780 44.489782 0
-16.992518 52.299840 0
0.000000 54.991027 0
16.992518 52.299840 0
32.321780 44.489782 0
44.487394 32.325653 0
-54.993886 0.018120 0
52.298899 16.999257 0
54.993886 0.018120 0
-57.028149 18.553725 0
-48.508340 35.257409 0
-35.242590 48.517472 0
-18.527947 57.031751 0
0.000000 59.965665 0
18.527947 57.031751 0
35.242590 48.517472 0
48.508340 35.257409 0
-59.976597 0.069356 0
57.028149 18.553725 0
59.976597 0.069356 0
-61.743390 20.113210 0
-52.516294 38.185292 0
-38.153649 52.535794 0
-20.058179 61.751077 0
0.000000 64.926645 0
20.058179 61.751077 0
38.153649 52.535794 0
52.516294 38.185292 0
-64.949972 0.148229 0
61.743390 20.113210 0
64.949972 0.148229 0
-66.446779 21.676896 0
-56.513258 41.109883 0
-41.056460 56.546179 0
-21.584013 66.459747 0
0.000000 69.876065 0
21.584013 66.459747 0
41.056460 56.546179 0
56.513258 41.109883 0
-69.915410 0.250566 0
66.446779 21.676896 0
69.915410 0.250566 0
-71.140012 23.244135 0
-60.500806 44.031633 0
-43.952201 60.549751 0
-23.106079 71.159277 0
0.000000 74.815566 0
23.106079 71.159277 0
43.952201 60.549751 0
60.500806 44.031633 0
-74.874002 0.373103 0
71.140012 23.244135 0
74.874002 0.373103 0
-75.824442 24.814408 0
-64.480192 46.950903 0
-46.841814 64.547407 0
-24.624876 75.850874 0
0.000000 79.746464 0
24.624876 75.850874 0
46.841814 64.547407 0
64.480192 46.950903 0
-79.826617 0.513237 0
75.824442 24.814408 0
79.826617 0.513237 0
-80.501171 26.387293 0
-68.452436 49.867986 0
-49.726063 68.539875 0
-26.140814 80.535521 0
0.000000 84.669823 0
26.140814 80.535521 0
49.726063 68.539875 0
68.452436 49.867986 0
-84.773963 0.668853 0
80.501171 26.387293 0
84.773963 0.668853 0
-85.171104 27.962443 0
-72.418378 52.783124 0
-52.605579 72.527757 0
-27.654227 85.214026 0
0.000000 89.586522 0
27.654227 85.214026 0
52.605579 72.527757 0
72.418378 52.783124 0
-89.716621 0.838207 0
85.171104 27.962443 0
89.716621 0.838207 0
-89.834997 29.539570 0
-76.378718 55.696519 0
-55.480885 76.511552 0
-29.165395 89.887065 0
0.000000 94.497293 0
29.165395 89.887065 0
55.480885 76.511552 0
76.378718 55.696519 0
-94.655079 1.019844 0
89.834997 29.539570 0
94.655079 1.019844 0
-94.493485 31.118435 0
-80.334045 58.608342 0
-58.352424 80.491683 0
-30.674554 94.555205 0
0.000000 99.402752 0
30.674554 94.555205 0
58.352424 80.491683 0
80.334045 58.608342 0
-99.589749 1.212535 0
94.493485 31.118435 0
99.589749 1.212535 0
-99.147110 32.698835 0
-84.284859 61.518739 0
-61.220571 84.468509 0
-32.181903 99.218929 0
0.000000 104.303425 0
32.181903 99.218929 0
61.220571 84.468509 0
84.284859 61.518739 0
-104.520982 1.415230 0
99.147110 32.698835 0
104.520982 1.415230 0
-103.796335 34.280597 0
-88.231590 64.427837 0
-64.085647 88.442337 0
-33.687614 103.878653 0
0.000000 109.199761 0
33.687614 103.878653 0
64.085647 88.442337 0
88.231590 64.427837 0
-109.449081 1.627028 0
103.796335 34.280597 0
109.449081 1.627028 0
-108.441560 35.863574 0
-92.174608 67.335745 0
-66.947932 92.413436 0
-35.191835 108.534734 0
0.000000 114.092150 0
35.191835 108.534734 0
66.947932 92.413436 0
92.174608 67.335745 0
-114.374310 1.847148 0
108.441560 35.863574 0
114.374310 1.847148 0
-113.083135 37.447640 0
-96.114235 70.242558 0
-69.807667 96.382036 0
-36.694696 113.187485 0
0.000000 118.980930 0
36.694696 113.187485 0
69.807667 96.382036 0
96.114235 70.242558 0
-119.296898 2.074906 0
113.083135 37.447640 0
119.296898 2.074906 0
-117.721363 39.032685 0
-100.050754 73.148362 0
-72.665063 100.348343 0
-38.196308 117.837179 0
0.000000 123.866398 0
38.196308 117.837179 0
72.665063 100.348343 0
100.050754 73.148362 0
-124.217048 2.309702 0
117.721363 39.032685 0
124.217048 2.309702 0
-122.356513 40.618614 0
-103.984413 76.053230 0
-75.520308 104.312534 0
-39.696772 122.484056 0
0.000000 128.748814 0
39.696772 122.484056 0
75.520308 104.312534 0
103.984413 76.053230 0
-129.134939 2.551007 0
122.356513 40.618614 0
129.134939 2.551007 0
-126.988824 42.205342 0
-107.915432 78.957230 0
-78.373565 108.274770 0
-41.196174 127.128331 0
0.000000 133.628411 0
41.196174 127.128331 0
78.373565 108.274770 0
107.915432 78.957230 0
-134.050731 2.798349 0
126.988824 42.205342 0
134.050731 2.798349 0
-131.618505 43.792797 0
-111.844005 81.860420 0
-81.224981 112.235191 0
-42.694594 131.770193 0
0.000000 138.505394 0
42.694594 131.770193 0
81.224981 112.235191 0
111.844005 81.860420 0
-138.964567 3.051308 0
131.618505 43.792797 0
138.964567 3.051308 0
-136.245745 45.380913 0
-115.770308 84.762855 0
-84.074688 116.193925 0
-44.192102 136.409811 0
0.000000 143.379948 0
44.192102 136.409811 0
84.074688 116.193925 0
115.770308 84.762855 0
-143.876574 3.309507 0
136.245745 45.380913 0
143.876574 3.309507 0
-140.870715 46.969633 0
-119.694496 87.664582 0
-86.922802 120.151085 0
-45.688758 141.047339 0
0.000000 148.252237 0
45.688758 141.047339 0
86.922802 120.151085 0
119.694496 87.664582 0
-148.786868 3.572607 0
140.870715 46.969633 0
148.786868 3.572607 0
-145.493565 48.558907 0
-123.616710 90.565644 0
-89.769430 124.106773 0
-47.184621 145.682913 0
0.000000 153.122410 0
47.184621 145.682913 0
89.769430 124.106773 0
123.616710 90.565644 0
-153.695554 3.840301 0
145.493565 48.558907 0
153.695554 3.840301 0
-150.114433 50.148688 0
-127.537078 93.466082 0
-92.614667 128.061083 0
-48.679741 150.316656 0
0.000000 157.990602 0
48.679741 150.316656 0
92.614667 128.061083 0
127.537078 93.466082 0
-158.602727 4.112310 0
150.114433 50.148688 0
158.602727 4.112310 0
-154.733444 51.738936 0
-131.455715 96.365932 0
-95.458599 132.014099 0
-50.174165 154.948683 0
0.000000 162.856934 0
50.174165 154.948683 0
95.458599 132.014099 0
131.455715 96.365932 0
-163.508473 4.388382 0
154.733444 51.738936 0
163.508473 4.388382 0
-159.350711 53.329614 0
-135.372725 99.265227 0
-98.301305 135.965898 0
-51.667933 159.579095 0
0.000000 167.721519 0
51.667933 159.579095 0
98.301305 135.965898 0
135.372725 99.265227 0
-168.412871 4.668285 0
159.350711 53.329614 0
168.412871 4.668285 0
-163.966337 54.920690 0
-139.288204 102.163996 0
-101.142857 139.916548 0
-53.161085 164.207986 0
0.000000 172.584457 0
53.161085 164.207986 0
101.142857 139.916548 0
139.288204 102.163996 0
-173.315995 4.951809 0
163.966337 54.920690 0
173.315995 4.951809 0
-168.580418 56.512133 0
-143.202239 105.062268 0
-103.983321 143.866116 0
-54.653656 168.835441 0
0.000000 177.445841 0
54.653656 168.835441 0
103.983321 143.866116 0
143.202239 105.062268 0
-178.217911 5.238759 0
168.580418 56.512133 0
178.217911 5.238759 0
-173.193038 58.103916 0
-147.114911 107.960068 0
-106.822756 147.814658 0
-56.145677 173.461539 0
0.000000 182.305756 0
56.145677 173.461539 0
106.822756 147.814658 0
147.114911 107.960068 0
-183.118679 5.528956 0
173.193038 58.103916 0
183.118679 5.528956 0
-177.804279 59.696016 0
-151.026293 110.857420 0
-109.661219 151.762230 0
-57.637178 178.086352 0
0.000000 187.164281 0
57.637178 178.086352 0
109.661219 151.762230 0
151.026293 110.857420 0
-188.018358 5.822236 0
177.804279 59.696016 0
188.018358 5.822236 0
-182.414212 61.288409 0
-154.936452 113.754346 0
-112.498760 155.708882 0
-59.128187 182.709947 0
0.000000 192.021486 0
59.128187 182.709947 0
112.498760 155.708882 0
154.936452 113.754346 0
-192.916999 6.118446 0
182.414212 61.288409 0
192.916999 6.118446 0
-187.022906 62.881076 0
-158.845452 116.650866 0
-115.335426 159.654659 0
-60.618728 187.332385 0
0.000000 196.877441 0
60.618728 187.332385 0
115.335426 159.654659 0
158.845452 116.650866 0
-197.814652 6.417446 0
187.022906 62.881076 0
197.814652 6.417446 0
-191.630424 64.473998 0
-162.753351 119.546999 0
-118.171261 163.599604 0
-62.108825 191.953723 0
0.000000 201.732205 0
62.108825 191.953723 0
118.171261 163.599604 0
162.753351 119.546999 0
-202.711361 6.719104 0
191.630424 64.473998 0
202.711361 6.719104 0
-196.236822 66.067158 0
-166.660201 122.442762 0
-121.006305 167.543758 0
-63.598499 196.574014 0
0.000000 206.585836 0
63.598499 196.574014 0
121.006305 167.543758 0
166.660201 122.442762 0
-207.607169 7.023300 0
196.236822 66.067158 0
207.607169 7.023300 0
-200.842156 67.660540 0
-170.566054 125.338172 0
-123.840596 171.487156 0
-65.087771 201.193307 0
0.000000 211.438387 0
65.087771 201.193307 0
123.840596 171.487156 0
170.566054 125.338172 0
-212.502115 7.329919 0
200.842156 67.660540 0
212.502115 7.329919 0
-205.446474 69.254130 0
-174.470954 128.233244 0
-126.674168 175.429834 0
-66.576658 205.811648 0
0.000000 216.289909 0
66.576658 205.811648 0
126.674168 175.429834 0
174.470954 128.233244 0
-217.396236 7.638856 0
205.446474 69.254130 0
217.396236 7.638856 0
-210.049824 70.847915 0
-178.374946 131.127993 0
-129.507054 179.371823 0
-68.065179 210.429079 0
0.000000 221.140446 0
68.065179 210.429079 0
129.507054 179.371823 0
178.374946 131.127993 0
-222.289566 7.950011 0
210.049824 70.847915 0
222.289566 7.950011 0
-214.652250 72.441883 0
-182.278070 134.022432 0
-132.339285 183.313154 0
-69.553350 215.045641 0
0.000000 225.990043 0
69.553350 215.045641 0
132.339285 183.313154 0
182.278070 134.022432 0
-227.182137 8.263293 0
214.652250 72.441883 0
227.182137 8.263293 0
-219.253791 74.036023 0
-186.180363 136.916573 0
-135.170888 187.253854 0
-71.041185 219.661370 0
0.000000 230.838739 0
71.041185 219.661370 0
135.170888 187.253854 0
186.180363 136.916573 0
-232.073981 8.578614 0
219.253791 74.036023 0
232.073981 8.578614 0
-223.854485 75.630323 0
-190.081861 139.810428 0
-138.001891 191.193949 0
-72.528699 224.276302 0
0.000000 235.686572 0
72.528699 224.276302 0
138.001891 191.193949 0
190.081861 139.810428 0
-236.965125 8.895893 0
223.854485 75.630323 0
236.965125 8.895893 0
-228.454370 77.224776 0
-193.982597 142.704008 0
-140.832318 195.133465 0
-74.015905 228.890469 0
0.000000 240.533579 0
74.015905 228.890469 0
140.832318 195.133465 0
193.982597 142.704008 0
-241.855596 9.215053 0
228.454370 77.224776 0
241.855596 9.215053 0
-233.053477 78.819371 0
-197.882601 145.597325 0
-143.662193 199.072425 0
-75.502816 233.503902 0
0.000000 245.379791 0
75.502816 233.503902 0
143.662193 199.072425 0
197.882601 145.597325 0
-246.745419 9.536022 0
233.053477 78.819371 0
246.745419 9.536022 0
-237.651838 80.414100 0
-201.781904 148.490387 0
-146.491538 203.010849 0
-76.989443 238.116630 0
0.000000 250.225241 0
76.989443 238.116630 0
146.491538 203.010849 0
201.781904 148.490387 0
-251.634618 9.858731 0
237.651838 80.414100 0
251.634618 9.858731 0
-242.249484 82.008957 0
-205.680533 151.383204 0
-149.320373 206.948760 0
-78.475798 242.728680 0
0.000000 255.069958 0
78.475798 242.728680 0
149.320373 206.948760 0
205.680533 151.383204 0
-256.523216 10.183118 0
242.249484 82.008957 0
256.523216 10.183118 0
-246.846441 83.603933 0
-209.578513 154.275785 0
-152.148718 210.886176 0
-79.961890 247.340078 0
0.000000 259.913970 0
79.961890 247.340078 0
152.148718 210.886176 0
209.578513 154.275785 0
-261.411233 10.509120 0
246.846441 83.603933 0
261.411233 10.509120 0
-251.442737 85.199022 0
-213.475869 157.168138 0
-154.976592 214.823115 0
-81.447731 251.950847 0
0.000000 264.757302 0
81.447731 251.950847 0
154.976592 214.823115 0
213.475869 157.168138 0
-266.298691 10.836681 0
251.442737 85.199022 0
266.298691 10.836681 0
-256.038395 86.794218 0
-217.372625 160.060271 0
-157.804011 218.759595 0
-82.933328 256.561012 0
0.000000 269.599981 0
82.933328 256.561012 0
157.804011 218.759595 0
217.372625 160.060271 0
-271.185608 11.165747 0
256.038395 86.794218 0
271.185608 11.165747 0
-260.633440 88.389515 0
-221.268801 162.952191 0
-160.630992 222.695632 0
-84.418691 261.170594 0
0.000000 274.442029 0
84.418691 261.170594 0
160.630992 222.695632 0
221.268801 162.952191 0
-276.072002 11.496265 0
260.633440 88.389515 0
276.072002 11.496265 0
-265.227894 89.984908 0
-225.164419 165.843907 0
-163.457551 226.631242 0
-85.903829 265.779613 0
0.000000 279.283468 0
85.903829 265.779613 0
163.457551 226.631242 0
225.164419 165.843907 0
-280.957891 11.828187 0
265.227894 89.984908 0
280.957891 11.828187 0
-269.821777 91.580391 0
-229.059498 168.735423 0
-166.283703 230.566439 0
-87.388748 270.388089 0
0.000000 284.124321 0
87.388748 270.388089 0
166.283703 230.566439 0
229.059498 168.735423 0
-285.843291 12.161467 0
269.821777 91.580391 0
285.843291 12.161467 0
-274.415110 93.175959 0
-232.954056 171.626748 0
-169.109461 234.501238 0
-88.873457 274.996040 0
0.000000 288.964605 0
88.873457 274.996040 0
169.109461 234.501238 0
232.954056 171.626748 0
-290.728217 12.496060 0
274.415110 93.175959 0
290.728217 12.496060 0
-279.007911 94.771609 0
-236.848113 174.517887 0
-171.934839 238.435651 0
-90.357963 279.603484 0
0.000000 293.804342 0
90.357963 279.603484 0
171.934839 238.435651 0
236.848113 174.517887 0
-295.612684 12.831925 0
279.007911 94.771609 0
295.612684 12.831925 0
-283.600199 96.367336 0
-240.741683 177.408845 0
-174.759850 242.369691 0
-91.842272 284.210437 0
0.000000 298.643548 0
91.842272 284.210437 0
174.759850 242.369691 0
240.741683 177.408845 0
-300.496706 13.169021 0
283.600199 96.367336 0
300.496706 13.169021 0
-288.191991 97.963137 0
-244.634783 180.299629 0
-177.584505 246.303371 0
-93.326391 288.816916 0
0.000000 303.482242 0
93.326391 288.816916 0
177.584505 246.303371 0
244.634783 180.299629 0
-305.380298 13.507311 0
288.191991 97.963137 0
305.380298 13.507311 0
-292.783302 99.559007 0
-248.527429 183.190244 0
-180.408816 250.236701 0
-94.810325 293.422935 0
0.000000 308.320438 0
94.810325 293.422935 0
180.408816 250.236701 0
248.527429 183.190244 0
-310.263471 13.846758 0
292.783302 99.559007 0
310.263471 13.846758 0
-297.374149 101.154942 0
-252.419634 186.080694 0
-183.232794 254.169693 0
-96.294082 298.028509 0
0.000000 313.158153 0
96.294082 298.028509 0
183.232794 254.169693 0
252.419634 186.080694 0
-315.146238 14.187327 0
297.374149 101.154942 0
315.146238 14.187327 0
-301.964545 102.750941 0
-256.311412 188.970985 0
-186.056448 258.102356 0
-97.777665 302.633652 0
0.000000 317.995402 0
97.777665 302.633652 0
186.056448 258.102356 0
256.311412 188.970985 0
-320.028610 14.528986 0
301.964545 102.750941 0
320.028610 14.528986 0
-306.554506 104.346999 0
-260.202777 191.861121 0
-188.879790 262.034702 0
-99.261082 307.238376 0
0.000000 322.832199 0
99.261082 307.238376 0
188.879790 262.034702 0
260.202777 191.861121 0
-324.910600 14.871703 0
306.554506 104.346999 0
324.910600 14.871703 0
-311.144044 105.943114 0
-264.093741 194.751106 0
-191.702829 265.966738 0
-100.744335 311.842695 0
0.000000 327.668557 0
100.744335 311.842695 0
191.702829 265.966738 0
264.093741 194.751106 0
-329.792217 15.215447 0
311.144044 105.943114 0
329.792217 15.215447 0
-315.733172 107.539283 0
-267.984316 197.640946 0
-194.525573 269.898475 0
-102.227431 316.446619 0
0.000000 332.504490 0
102.227431 316.446619 0
194.525573 269.898475 0
267.984316 197.640946 0
-334.673472 15.560190 0
315.733172 107.539283 0
334.673472 15.560190 0
-320.321903 109.135503 0
-271.874513 200.530643 0
-197.348031 273.829921 0
-103.710375 321.050161 0
0.000000 337.340009 0
103.710375 321.050161 0
197.348031 273.829921 0
271.874513 200.530643 0
-339.554374 15.905903 0
320.321903 109.135503 0
339.554374 15.905903 0
-324.910248 110.731772 0
-275.764344 203.420202 0
-200.170211 277.761084 0
-105.193169 325.653332 0
0.000000 342.175127 0
105.193169 325.653332 0
200.170211 277.761084 0
275.764344 203.420202 0
-344.434934 16.252561 0
324.910248 110.731772 0
344.434934 16.252561 0
