8
25.000000 25.000000 0
50.000000 0.000000 0
-25.000000 25.000000 0
-50.000000 0.000000 0
-25.000000 -25.000000 0
0.000000 -50.000000 0
25.000000 -25.000000 0
0.000000 50.000000 0
24.997767 24.997767 0
49.994544 -0.000000 0
-24.997767 24.997767 0
-49.994544 -0.000000 0
-24.997767 -24.997767 0
-0.000000 -49.994544 0
24.997767 -24.997767 0
0.000000 49.994544 0
24.991069 24.991069 0
49.978174 -0.000000 0
-24.991069 24.991069 0
-49.978174 -0.000000 0
-24.991069 -24.991069 0
-0.000000 -49.978174 0
24.991069 -24.991069 0
0.000000 49.978174 0
24.979904 24.979904 0
49.950887 -0.000000 0
-24.979904 24.979904 0
-49.950887 -0.000000 0
-24.979904 -24.979904 0
-0.000000 -49.950887 0
24.979904 -24.979904 0
0.000000 49.950887 0
24.964267 24.964267 0
49.912674 -0.000000 0
-24.964267 24.964267 0
-49.912674 -0.000000 0
-24.964267 -24.964267 0
-0.000000 -49.912674 0
24.964267 -24.964267 0
0.000000 49.912674 0
24.944153 24.944153 0
49.863520 -0.000000 0
-24.944153 24.944153 0
-49.863520 -0.000000 0
-24.944153 -24.944153 0
-0.000000 -49.863520 0
24.944153 -24.944153 0
0.000000 49.863520 0
24.919554 24.919554 0
49.803408 -0.000000 0
-24.919554 24.919554 0
-49.803408 -0.000000 0
-24.919554 -24.919554 0
-0.000000 -49.803408 0
24.919554 -24.919554 0
0.000000 49.803408 0
24.890460 24.890460 0
49.732316 -0.000000 0
-24.890460 24.890460 0
-49.732316 -0.000000 0
-24.890460 -24.890460 0
-0.000000 -49.732316 0
24.890460 -24.890460 0
0.000000 49.732316 0
24.856860 24.856860 0
49.650218 -0.000000 0
-24.856860 24.856860 0
-49.650218 -0.000000 0
-24.856860 -24.856860 0
-0.000000 -49.650218 0
24.856860 -24.856860 0
0.000000 49.650218 0
24.818740 24.818740 0
49.557080 -0.000000 0
-24.818740 24.818740 0
-49.557080 -0.000000 0
-24.818740 -24.818740 0
-0.000000 -49.557080 0
24.818740 -24.818740 0
0.000000 49.557080 0
24.776084 24.776084 0
49.452868 -0.000000 0
-24.776084 24.776084 0
-49.452868 -0.000000 0
-24.776084 -24.776084 0
-0.000000 -49.452868 0
24.776084 -24.776084 0
0.000000 49.452868 0
24.728874 24.728874 0
49.337539 -0.000000 0
-24.728874 24.728874 0
-49.337539 -0.000000 0
-24.728874 -24.728874 0
-0.000000 -49.337539 0
24.728874 -24.728874 0
0.000000 49.337539 0
24.677091 24.677091 0
49.211049 -0.000000 0
-24.677091 24.677091 0
-49.211049 -0.000000 0
-24.677091 -24.677091 0
-0.000000 -49.211049 0
24.677091 -24.677091 0
0.000000 49.211049 0
24.620711 24.620711 0
49.073345 -0.000000 0
-24.620711 24.620711 0
-49.073345 -0.000000 0
-24.620711 -24.620711 0
-0.000000 -49.073345 0
24.620711 -24.620711 0
0.000000 49.073345 0
24.559710 24.559710 0
48.924373 -0.000000 0
-24.559710 24.559710 0
-48.924373 -0.000000 0
-24.559710 -24.559710 0
-0.000000 -48.924373 0
24.559710 -24.559710 0
0.000000 48.924373 0
24.494062 24.494062 0
48.764070 -0.000000 0
-24.494062 24.494062 0
-48.764070 -0.000000 0
-24.494062 -24.494062 0
-0.000000 -48.764070 0
24.494062 -24.494062 0
0.000000 48.764070 0
24.423738 24.423738 0
48.592371 -0.000000 0
-24.423738 24.423738 0
-48.592371 -0.000000 0
-24.423738 -24.423738 0
-0.000000 -48.592371 0
24.423738 -24.423738 0
0.000000 48.592371 0
24.348705 24.348705 0
48.409202 -0.000000 0
-24.348705 24.348705 0
-48.409202 -0.000000 0
-24.348705 -24.348705 0
-0.000000 -48.409202 0
24.348705 -24.348705 0
0.000000 48.409202 0
24.268930 24.268930 0
48.214485 -0.000000 0
-24.268930 24.268930 0
-48.214485 -0.000000 0
-24.268930 -24.268930 0
-0.000000 -48.214485 0
24.268930 -24.268930 0
0.000000 48.214485 0
24.184376 24.184376 0
48.008138 -0.000000 0
-24.184376 24.184376 0
-48.008138 -0.000000 0
-24.184376 -24.184376 0
-0.000000 -48.008138 0
24.184376 -24.184376 0
0.000000 48.008138 0
24.095002 24.095002 0
47.790070 -0.000000 0
-24.095002 24.095002 0
-47.790070 -0.000000 0
-24.095002 -24.095002 0
-0.000000 -47.790070 0
24.095002 -24.095002 0
0.000000 47.790070 0
24.000768 24.000768 0
47.560184 -0.000000 0
-24.000768 24.000768 0
-47.560184 -0.000000 0
-24.000768 -24.000768 0
-0.000000 -47.560184 0
24.000768 -24.000768 0
0.000000 47.560184 0
23.901627 23.901627 0
47.318377 -0.000000 0
-23.901627 23.901627 0
-47.318377 -0.000000 0
-23.901627 -23.901627 0
-0.000000 -47.318377 0
23.901627 -23.901627 0
0.000000 47.318377 0
23.797530 23.797530 0
47.064540 -0.000000 0
-23.797530 23.797530 0
-47.064540 -0.000000 0
-23.797530 -23.797530 0
-0.000000 -47.064540 0
23.797530 -23.797530 0
0.000000 47.064540 0
23.688427 23.688427 0
46.798555 -0.000000 0
-23.688427 23.688427 0
-46.798555 -0.000000 0
-23.688427 -23.688427 0
-0.000000 -46.798555 0
23.688427 -23.688427 0
0.000000 46.798555 0
23.574261 23.574261 0
46.520298 -0.000000 0
-23.574261 23.574261 0
-46.520298 -0.000000 0
-23.574261 -23.574261 0
-0.000000 -46.520298 0
23.574261 -23.574261 0
0.000000 46.520298 0
23.454975 23.454975 0
46.229636 -0.000000 0
-23.454975 23.454975 0
-46.229636 -0.000000 0
-23.454975 -23.454975 0
-0.000000 -46.229636 0
23.454975 -23.454975 0
0.000000 46.229636 0
23.330504 23.330504 0
45.926429 -0.000000 0
-23.330504 23.330504 0
-45.926429 -0.000000 0
-23.330504 -23.330504 0
-0.000000 -45.926429 0
23.330504 -23.330504 0
0.000000 45.926429 0
23.200784 23.200784 0
45.610526 -0.000000 0
-23.200784 23.200784 0
-45.610526 -0.000000 0
-23.200784 -23.200784 0
-0.000000 -45.610526 0
23.200784 -23.200784 0
0.000000 45.610526 0
23.065742 23.065742 0
45.281769 -0.000000 0
-23.065742 23.065742 0
-45.281769 -0.000000 0
-23.065742 -23.065742 0
-0.000000 -45.281769 0
23.065742 -23.065742 0
0.000000 45.281769 0
22.925303 22.925303 0
44.939989 -0.000000 0
-22.925303 22.925303 0
-44.939989 -0.000000 0
-22.925303 -22.925303 0
-0.000000 -44.939989 0
22.925303 -22.925303 0
0.000000 44.939989 0
22.779388 22.779388 0
44.585008 -0.000000 0
-22.779388 22.779388 0
-44.585008 -0.000000 0
-22.779388 -22.779388 0
-0.000000 -44.585008 0
22.779388 -22.779388 0
0.000000 44.585008 0
22.627911 22.627911 0
44.216636 -0.000000 0
-22.627911 22.627911 0
-44.216636 -0.000000 0
-22.627911 -22.627911 0
-0.000000 -44.216636 0
22.627911 -22.627911 0
0.000000 44.216636 0
22.470782 22.470782 0
43.834672 -0.000000 0
-22.470782 22.470782 0
-43.834672 -0.000000 0
-22.470782 -22.470782 0
-0.000000 -43.834672 0
22.470782 -22.470782 0
0.000000 43.834672 0
22.307903 22.307903 0
43.438903 -0.000000 0
-22.307903 22.307903 0
-43.438903 -0.000000 0
-22.307903 -22.307903 0
-0.000000 -43.438903 0
22.307903 -22.307903 0
0.000000 43.438903 0
22.139172 22.139172 0
43.029102 -0.000000 0
-22.139172 22.139172 0
-43.029102 -0.000000 0
-22.139172 -22.139172 0
-0.000000 -43.029102 0
22.139172 -22.139172 0
0.000000 43.029102 0
21.964479 21.964479 0
42.605029 -0.000000 0
-21.964479 21.964479 0
-42.605029 -0.000000 0
-21.964479 -21.964479 0
-0.000000 -42.605029 0
21.964479 -21.964479 0
0.000000 42.605029 0
21.783709 21.783709 0
42.166429 -0.000000 0
-21.783709 21.783709 0
-42.166429 -0.000000 0
-21.783709 -21.783709 0
-0.000000 -42.166429 0
21.783709 -21.783709 0
0.000000 42.166429 0
21.596736 21.596736 0
41.713030 -0.000000 0
-21.596736 21.596736 0
-41.713030 -0.000000 0
-21.596736 -21.596736 0
-0.000000 -41.713030 0
21.596736 -21.596736 0
0.000000 41.713030 0
21.403428 21.403428 0
41.244544 -0.000000 0
-21.403428 21.403428 0
-41.244544 -0.000000 0
-21.403428 -21.403428 0
0.000000 -41.244544 0
21.403428 -21.403428 0
0.000000 41.244544 0
21.203643 21.203643 0
40.760664 -0.000000 0
-21.203643 21.203643 0
-40.760664 -0.000000 0
-21.203643 -21.203643 0
0.000000 -40.760664 0
21.203643 -21.203643 0
0.000000 40.760664 0
20.997230 20.997230 0
40.261063 -0.000000 0
-20.997230 20.997230 0
-40.261063 -0.000000 0
-20.997230 -20.997230 0
0.000000 -40.261063 0
20.997230 -20.997230 0
0.000000 40.261063 0
20.784024 20.784024 0
39.745394 -0.000000 0
-20.784024 20.784024 0
-39.745394 -0.000000 0
-20.784024 -20.784024 0
0.000000 -39.745394 0
20.784024 -20.784024 0
0.000000 39.745394 0
20.563853 20.563853 0
39.213283 -0.000000 0
-20.563853 20.563853 0
-39.213283 -0.000000 0
-20.563853 -20.563853 0
0.000000 -39.213283 0
20.563853 -20.563853 0
0.000000 39.213283 0
20.336530 20.336530 0
38.664335 -0.000000 0
-20.336530 20.336530 0
-38.664335 -0.000000 0
-20.336530 -20.336530 0
0.000000 -38.664335 0
20.336530 -20.336530 0
0.000000 38.664335 0
20.101851 20.101851 0
38.098125 -0.000000 0
-20.101851 20.101851 0
-38.098125 -0.000000 0
-20.101851 -20.101851 0
0.000000 -38.098125 0
20.101851 -20.101851 0
0.000000 38.098125 0
19.859601 19.859601 0
37.514197 0.000000 0
-19.859601 19.859601 0
-37.514197 -0.000000 0
-19.859601 -19.859601 0
0.000000 -37.514197 0
19.859601 -19.859601 0
0.000000 37.514197 0
19.609546 19.609546 0
36.912064 0.000000 0
-19.609546 19.609546 0
-36.912064 -0.000000 0
-19.609546 -19.609546 0
0.000000 -36.912064 0
19.609546 -19.609546 0
0.000000 36.912064 0
19.351431 19.351431 0
36.291202 0.000000 0
-19.351431 19.351431 0
-36.291202 -0.000000 0
-19.351431 -19.351431 0
0.000000 -36.291202 0
19.351431 -19.351431 0
0.000000 36.291202 0
19.084981 19.084981 0
35.651047 0.000000 0
-19.084981 19.084981 0
-35.651047 -0.000000 0
-19.084981 -19.084981 0
0.000000 -35.651047 0
19.084981 -19.084981 0
0.000000 35.651047 0
18.809899 18.809899 0
34.990990 0.000000 0
-18.809899 18.809899 0
-34.990990 -0.000000 0
-18.809899 -18.809899 0
0.000000 -34.990990 0
18.809899 -18.809899 0
0.000000 34.990990 0
18.525858 18.525858 0
34.310376 0.000000 0
-18.525858 18.525858 0
-34.310376 -0.000000 0
-18.525858 -18.525858 0
0.000000 -34.310376 0
18.525858 -18.525858 0
0.000000 34.310376 0
18.232501 18.232501 0
33.608492 0.000000 0
-18.232501 18.232501 0
-33.608492 -0.000000 0
-18.232501 -18.232501 0
0.000000 -33.608492 0
18.232501 -18.232501 0
0.000000 33.608492 0
17.929440 17.929440 0
32.884567 0.000000 0
-17.929440 17.929440 0
-32.884567 -0.000000 0
-17.929440 -17.929440 0
0.000000 -32.884567 0
17.929440 -17.929440 0
0.000000 32.884567 0
17.616245 17.616245 0
32.137759 0.000000 0
-17.616245 17.616245 0
-32.137759 -0.000000 0
-17.616245 -17.616245 0
0.000000 -32.137759 0
17.616245 -17.616245 0
0.000000 32.137759 0
17.292441 17.292441 0
31.367153 0.000000 0
-17.292441 17.292441 0
-31.367153 -0.000000 0
-17.292441 -17.292441 0
0.000000 -31.367153 0
17.292441 -17.292441 0
0.000000 31.367153 0
16.957503 16.957503 0
30.571745 0.000000 0
-16.957503 16.957503 0
-30.571745 -0.000000 0
-16.957503 -16.957503 0
0.000000 -30.571745 0
16.957503 -16.957503 0
0.000000 30.571745 0
16.610845 16.610845 0
29.750433 0.000000 0
-16.610845 16.610845 0
-29.750433 -0.000000 0
-16.610845 -16.610845 0
0.000000 -29.750433 0
16.610845 -16.610845 0
0.000000 29.750433 0
16.251814 16.251814 0
28.902001 0.000000 0
-16.251814 16.251814 0
-28.902001 -0.000000 0
-16.251814 -16.251814 0
0.000000 -28.902001 0
16.251814 -16.251814 0
0.000000 28.902001 0
15.879671 15.879671 0
28.025106 0.000000 0
-15.879671 15.879671 0
-28.025106 -0.000000 0
-15.879671 -15.879671 0
0.000000 -28.025106 0
15.879671 -15.879671 0
0.000000 28.025106 0
15.493584 15.493584 0
27.118254 0.000000 0
-15.493584 15.493584 0
-27.118254 -0.000000 0
-15.493584 -15.493584 0
0.000000 -27.118254 0
15.493584 -15.493584 0
0.000000 27.118254 0
