5
0.000000 0.000000 0
0.000000 -50.000000 0
-50.000000 0.000000 0
0.000000 50.000000 0
50.000000 0.000000 0
0.000000 0.000000 0
-2.600000 -49.399585 0
-49.399585 2.600000 0
2.600000 49.399585 0
49.399585 -2.600000 0
-0.000000 0.000000 0
-5.167760 -47.586204 0
-47.586204 5.167760 0
5.167760 47.586204 0
47.586204 -5.167760 0
-0.000000 0.000000 0
-7.632549 -44.508954 0
-44.508954 7.632549 0
7.632549 44.508954 0
44.508954 -7.632549 0
-0.000000 0.000000 0
-9.902201 -40.054925 0
-40.054925 9.902201 0
9.902201 40.054925 0
40.054925 -9.902201 0
-0.000000 0.000000 0
-11.835850 -34.019506 0
-34.019506 11.835850 0
11.835850 34.019506 0
34.019506 -11.835850 0
-0.000000 0.000000 0
-13.177735 -26.035461 0
-26.035461 13.177735 0
13.177735 26.035461 0
26.035461 -13.177735 0
-0.000000 0.000000 0
-13.343375 -15.385886 0
-15.385886 13.343375 0
13.343375 15.385886 0
15.385886 -13.343375 0
-0.000000 0.000000 0
-10.341864 -0.429465 0
-0.429465 10.341864 0
10.341864 0.429465 0
0.429465 -10.341864 0
-0.000000 0.000000 0
9.028892 17.842273 0
17.842273 -9.028892 0
-9.028892 -17.842273 0
-17.842273 9.028892 0
-0.000000 0.000000 0
40.702894 33.345908 0
33.345908 -40.702894 0
-40.702894 -33.345908 0
-33.345908 40.702894 0
-0.000000 0.000000 0
70.262585 45.156563 0
45.156563 -70.262585 0
-70.262585 -45.156563 0
-45.156563 70.262585 0
-0.000000 0.000000 0
99.221882 56.507305 0
56.507305 -99.221882 0
-99.221882 -56.507305 0
-56.507305 99.221882 0
-0.000000 0.000000 0
127.900123 67.684738 0
67.684738 -127.900123 0
-127.900123 -67.684738 0
-67.684738 127.900123 0
-0.000000 0.000000 0
156.414965 78.771668 0
78.771668 -156.414965 0
-156.414965 -78.771668 0
-78.771668 156.414965 0
-0.000000 0.000000 0
184.822737 89.803056 0
89.803056 -184.822737 0
-184.822737 -89.803056 0
-89.803056 184.822737 0
-0.000000 0.000000 0
213.154823 100.796894 0
100.796894 -213.154823 0
-213.154823 -100.796894 0
-100.796894 213.154823 0
-0.000000 0.000000 0
241.430527 111.763655 0
111.763655 -241.430527 0
-241.430527 -111.763655 0
-111.763655 241.430527 0
-0.000000 0.000000 0
269.662578 122.709964 0
122.709964 -269.662578 0
-269.662578 -122.709964 0
-122.709964 269.662578 0
-0.000000 0.000000 0
297.859819 133.640281 0
133.640281 -297.859819 0
-297.859819 -133.640281 0
-133.640281 297.859819 0
-0.000000 0.000000 0
326.028644 144.557750 0
144.557750 -326.028644 0
-326.028644 -144.557750 0
-144.557750 326.028644 0
-0.000000 0.000000 0
354.173832 155.464671 0
155.464671 -354.173832 0
-354.173832 -155.464671 0
-155.464671 354.173832 0
-0.000000 0.000000 0
382.299045 166.362775 0
166.362775 -382.299045 0
-382.299045 -166.362775 0
-166.362775 382.299045 0
-0.000000 0.000000 0
410.407152 177.253402 0
177.253402 -410.407152 0
-410.407152 -177.253402 0
-177.253402 410.407152 0
-0.000000 0.000000 0
438.500447 188.137604 0
188.137604 -438.500447 0
-438.500447 -188.137604 0
-188.137604 438.500447 0
-0.000000 0.000000 0
466.580788 199.016229 0
199.016229 -466.580788 0
-466.580788 -199.016229 0
-199.016229 466.580788 0
-0.000000 0.000000 0
494.649704 209.889966 0
209.889966 -494.649704 0
-494.649704 -209.889966 0
-209.889966 494.649704 0
-0.000000 0.000000 0
522.708468 220.759384 0
220.759384 -522.708468 0
-522.708468 -220.759384 0
-220.759384 522.708468 0
-0.000000 0.000000 0
550.758152 231.624956 0
231.624956 -550.758152 0
-550.758152 -231.624956 0
-231.624956 550.758152 0
-0.000000 0.000000 0
578.799665 242.487085 0
242.487085 -578.799665 0
-578.799665 -242.487085 0
-242.487085 578.799665 0
-0.000000 0.000000 0
606.833787 253.346111 0
253.346111 -606.833787 0
-606.833787 -253.346111 0
-253.346111 606.833787 0
-0.000000 0.000000 0
634.861189 264.202327 0
264.202327 -634.861189 0
-634.861189 -264.202327 0
-264.202327 634.861189 0
-0.000000 0.000000 0
662.882458 275.055986 0
275.055986 -662.882458 0
-662.882458 -275.055986 0
-275.055986 662.882458 0
-0.000000 0.000000 0
690.898104 285.907309 0
285.907309 -690.898104 0
-690.898104 -285.907309 0
-285.907309 690.898104 0
-0.000000 0.000000 0
718.908578 296.756488 0
296.756488 -718.908578 0
-718.908578 -296.756488 0
-296.756488 718.908578 0
-0.000000 0.000000 0
746.914277 307.603693 0
307.603693 -746.914277 0
-746.914277 -307.603693 0
-307.603693 746.914277 0
-0.000000 0.000000 0
774.915556 318.449076 0
318.449076 -774.915556 0
-774.915556 -318.449076 0
-318.449076 774.915556 0
-0.000000 0.000000 0
802.912729 329.292769 0
329.292769 -802.912729 0
-802.912729 -329.292769 0
-329.292769 802.912729 0
-0.000000 0.000000 0
830.906080 340.134894 0
340.134894 -830.906080 0
-830.906080 -340.134894 0
-340.134894 830.906080 0
-0.000000 0.000000 0
858.895864 350.975557 0
350.975557 -858.895864 0
-858.895864 -350.975557 0
-350.975557 858.895864 0
-0.000000 0.000000 0
886.882311 361.814854 0
361.814854 -886.882311 0
-886.882311 -361.814854 0
-361.814854 886.882311 0
-0.000000 0.000000 0
914.865628 372.652875 0
372.652875 -914.865628 0
-914.865628 -372.652875 0
-372.652875 914.865628 0
-0.000000 0.000000 0
942.846006 383.489697 0
383.489697 -942.846006 0
-942.846006 -383.489697 0
-383.489697 942.846006 0
-0.000000 0.000000 0
970.823618 394.325393 0
394.325393 -970.823618 0
-970.823618 -394.325393 0
-394.325393 970.823618 0
-0.000000 0.000000 0
998.798621 405.160028 0
405.160028 -998.798621 0
-998.798621 -405.160028 0
-405.160028 998.798621 0
-0.000000 0.000000 0
1026.771160 415.993664 0
415.993664 -1026.771160 0
-1026.771160 -415.993664 0
-415.993664 1026.771160 0
-0.000000 0.000000 0
1054.741368 426.826354 0
426.826354 -1054.741368 0
-1054.741368 -426.826354 0
-426.826354 1054.741368 0
-0.000000 0.000000 0
1082.709368 437.658150 0
437.658150 -1082.709368 0
-1082.709368 -437.658150 0
-437.658150 1082.709368 0
-0.000000 0.000000 0
1110.675273 448.489099 0
448.489099 -1110.675273 0
-1110.675273 -448.489099 0
-448.489099 1110.675273 0
-0.000000 0.000000 0
1138.639187 459.319244 0
459.319244 -1138.639187 0
-1138.639187 -459.319244 0
-459.319244 1138.639187 0
-0.000000 0.000000 0
1166.601208 470.148625 0
470.148625 -1166.601208 0
-1166.601208 -470.148625 0
-470.148625 1166.601208 0
-0.000000 0.000000 0
1194.561425 480.977278 0
480.977278 -1194.561425 0
-1194.561425 -480.977278 0
-480.977278 1194.561425 0
-0.000000 0.000000 0
1222.519922 491.805238 0
491.805238 -1222.519922 0
-1222.519922 -491.805238 0
-491.805238 1222.519922 0
-0.000000 0.000000 0
1250.476778 502.632538 0
502.632538 -1250.476778 0
-1250.476778 -502.632538 0
-502.632538 1250.476778 0
-0.000000 0.000000 0
1278.432065 513.459207 0
513.459207 -1278.432065 0
-1278.432065 -513.459207 0
-513.459207 1278.432065 0
-0.000000 0.000000 0
1306.385852 524.285274 0
524.285274 -1306.385852 0
-1306.385852 -524.285274 0
-524.285274 1306.385852 0
-0.000000 0.000000 0
1334.338202 535.110763 0
535.110763 -1334.338202 0
-1334.338202 -535.110763 0
-535.110763 1334.338202 0
-0.000000 0.000000 0
1362.289174 545.935699 0
545.935699 -1362.289174 0
-1362.289174 -545.935699 0
-545.935699 1362.289174 0
-0.000000 0.000000 0
1390.238826 556.760107 0
556.760107 -1390.238826 0
-1390.238826 -556.760107 0
-556.760107 1390.238826 0
-0.000000 0.000000 0
1418.187209 567.584006 0
567.584006 -1418.187209 0
-1418.187209 -567.584006 0
-567.584006 1418.187209 0
-0.000000 0.000000 0
1446.134374 578.407417 0
578.407417 -1446.134374 0
-1446.134374 -578.407417 0
-578.407417 1446.134374 0
