21
125.000000 -125.000000 0
75.000000 -75.000000 0
-125.000000 -75.000000 0
-75.000000 -125.000000 0
-125.000000 -125.000000 0
-75.000000 -75.000000 0
125.000000 75.000000 0
-100.000000 100.000000 0
75.000000 125.000000 0
0.000000 0.000000 0
100.000000 -100.000000 0
100.000000 100.000000 0
-100.000000 -100.000000 0
-125.000000 75.000000 0
-75.000000 125.000000 0
-125.000000 125.000000 0
-75.000000 75.000000 0
125.000000 -75.000000 0
75.000000 -125.000000 0
125.000000 125.000000 0
75.000000 75.000000 0
122.396518 -124.996518 0
77.596865 -74.996865 0
-122.395173 -74.999770 0
-77.599770 -124.995173 0
-124.996518 -122.396518 0
-74.996865 -77.596865 0
122.395173 74.999770 0
-99.737245 99.997245 0
77.599770 124.995173 0
0.000000 0.000000 0
99.737245 -99.997245 0
99.997245 99.737245 0
-99.997245 -99.737245 0
-124.995173 77.599770 0
-74.999770 122.395173 0
-122.396518 124.996518 0
-77.596865 74.996865 0
124.995173 -77.599770 0
74.999770 -122.395173 0
124.996518 122.396518 0
74.996865 77.596865 0
119.785983 -124.985763 0
80.187633 -74.988016 0
-119.780503 -74.999293 0
-80.199119 -124.980503 0
-124.985763 -119.785983 0
-74.988016 -80.187633 0
119.780503 74.999293 0
-99.468978 99.988971 0
80.199119 124.980503 0
0.000000 0.000000 0
99.468978 -99.988971 0
99.988971 99.468978 0
-99.988971 -99.468978 0
-124.980503 80.199119 0
-74.999293 119.780503 0
-119.785983 124.985763 0
-80.187633 74.988016 0
124.980503 -80.199119 0
74.999293 -119.780503 0
124.985763 119.785983 0
74.988016 80.187633 0
117.168230 -124.967075 0
82.772616 -74.974602 0
-117.155625 -74.999049 0
-82.798097 -124.955578 0
-124.967075 -117.168230 0
-74.974602 -82.772616 0
117.155625 74.999049 0
-99.195190 99.975154 0
82.798097 124.955578 0
0.000000 0.000000 0
99.195190 -99.975154 0
99.975154 99.195190 0
-99.975154 -99.195190 0
-124.955578 82.798097 0
-74.999049 117.155625 0
-117.168230 124.967075 0
-82.772616 74.974602 0
124.955578 -82.798097 0
74.999049 -117.155625 0
124.967075 117.168230 0
74.974602 82.772616 0
114.543146 -124.939721 0
85.352049 -74.957848 0
-114.520213 -74.999630 0
-85.396680 -124.919927 0
-124.939721 -114.543146 0
-74.957848 -85.352049 0
114.520213 74.999630 0
-98.915873 99.955772 0
85.396680 124.919927 0
0.000000 0.000000 0
98.915873 -99.955772 0
99.955772 98.915873 0
-99.955772 -98.915873 0
-124.919927 85.396680 0
-74.999630 114.520213 0
-114.543146 124.939721 0
-85.352049 74.957848 0
124.919927 -85.396680 0
74.999630 -114.520213 0
124.939721 114.543146 0
74.957848 85.352049 0
111.910688 -124.902896 0
87.926043 -74.939047 0
-111.874013 -75.001747 0
-87.994745 -124.873036 0
-124.902896 -111.910688 0
-74.939047 -87.926043 0
111.874013 75.001747 0
-98.631018 99.930801 0
87.994745 124.873036 0
0.000000 0.000000 0
98.631018 -99.930801 0
99.930801 98.631018 0
-99.930801 -98.631018 0
-124.873036 87.994745 0
-75.001747 111.874013 0
-111.910688 124.902896 0
-87.926043 74.939047 0
124.873036 -87.994745 0
75.001747 -111.874013 0
124.902896 111.910688 0
74.939047 87.926043 0
109.270911 -124.855734 0
90.494537 -74.919516 0
-109.216896 -75.006230 0
-90.592047 -124.814379 0
-124.855734 -109.270911 0
-74.919516 -90.494537 0
109.216896 75.006230 0
-98.340616 99.900217 0
90.592047 124.814379 0
0.000000 0.000000 0
98.340616 -99.900217 0
99.900217 98.340616 0
-99.900217 -98.340616 0
-124.814379 90.592047 0
-75.006230 109.216896 0
-109.270911 124.855734 0
-90.494537 74.919516 0
124.814379 -90.592047 0
75.006230 -109.216896 0
124.855734 109.270911 0
74.919516 90.494537 0
106.623993 -124.797333 0
93.057256 -74.900541 0
-106.548916 -75.013997 0
-93.188196 -124.743463 0
-124.797333 -106.623993 0
-74.900541 -93.057256 0
106.548916 75.013997 0
-98.044656 99.863995 0
93.188196 124.743463 0
0.000000 0.000000 0
98.044656 -99.863995 0
99.863995 98.044656 0
-99.863995 -98.044656 0
-124.743463 93.188196 0
-75.013997 106.548916 0
-106.623993 124.797333 0
-93.057256 74.900541 0
124.743463 -93.188196 0
75.013997 -106.548916 0
124.797333 106.623993 0
74.900541 93.057256 0
103.970259 -124.726791 0
95.613694 -74.883280 0
-103.870367 -75.025996 0
-95.782661 -124.659881 0
-124.726791 -103.970259 0
-74.883280 -95.613694 0
103.870367 75.025996 0
-97.743128 99.822109 0
95.782661 124.659881 0
0.000000 0.000000 0
97.743128 -99.822109 0
99.822109 97.743128 0
-99.822109 -97.743128 0
-124.659881 95.782661 0
-75.025996 103.870367 0
-103.970259 124.726791 0
-95.613694 74.883280 0
124.659881 -95.782661 0
75.025996 -103.870367 0
124.726791 103.970259 0
74.883280 95.613694 0
101.310198 -124.643257 0
98.163129 -74.868659 0
-101.181842 -75.043106 0
-98.374786 -124.563369 0
-124.643257 -101.310198 0
-74.868659 -98.163129 0
101.181842 75.043106 0
-97.436020 99.774532 0
98.374786 124.563369 0
0.000000 0.000000 0
97.436020 -99.774532 0
99.774532 97.436020 0
-99.774532 -97.436020 0
-124.563369 98.374786 0
-75.043106 101.181842 0
-101.310198 124.643257 0
-98.163129 74.868659 0
124.563369 -98.374786 0
75.043106 -101.181842 0
124.643257 101.310198 0
74.868659 98.163129 0
98.644459 -124.545989 0
100.704698 -74.857279 0
-98.484235 -75.065991 0
-100.963826 -124.453852 0
-124.545989 -98.644459 0
-74.857279 -100.704698 0
98.484235 75.065991 0
-97.123320 99.721237 0
100.963826 124.453852 0
0.000000 0.000000 0
97.123320 -99.721237 0
99.721237 97.123320 0
-99.721237 -97.123320 0
-124.453852 100.963826 0
-75.065991 98.484235 0
-98.644459 124.545989 0
-100.704698 74.857279 0
124.453852 -100.963826 0
75.065991 -98.484235 0
124.545989 98.644459 0
74.857279 100.704698 0
95.973822 -124.434416 0
103.237494 -74.849368 0
-95.778688 -75.094949 0
-103.549009 -124.331472 0
-124.434416 -95.973822 0
-74.849368 -103.237494 0
95.778688 75.094949 0
-96.805016 99.662196 0
103.549009 124.331472 0
0.000000 0.000000 0
96.805016 -99.662196 0
99.662196 96.805016 0
-99.662196 -96.805016 0
-124.331472 103.549009 0
-75.094949 95.778688 0
-95.973822 124.434416 0
-103.237494 74.849368 0
124.331472 -103.549009 0
75.094949 -95.778688 0
124.434416 95.973822 0
74.849368 103.237494 0
93.299157 -124.308184 0
105.760693 -74.844791 0
-93.066472 -75.129796 0
-106.129596 -124.196580 0
-124.308184 -93.299157 0
-74.844791 -105.760693 0
93.066472 75.129796 0
-96.481094 99.597379 0
106.129596 124.196580 0
0.000000 0.000000 0
96.481094 -99.597379 0
99.597379 96.481094 0
-99.597379 -96.481094 0
-124.196580 106.129596 0
-75.129796 93.066472 0
-93.299157 124.308184 0
-105.760693 74.844791 0
124.196580 -106.129596 0
75.129796 -93.066472 0
124.308184 93.299157 0
74.844791 105.760693 0
90.621356 -124.167186 0
108.273641 -74.843124 0
-90.348812 -75.169820 0
-108.704936 -124.049713 0
-124.167186 -90.621356 0
-74.843124 -108.273641 0
90.348812 75.169820 0
-96.151541 99.526757 0
108.704936 124.049713 0
0.000000 0.000000 0
96.151541 -99.526757 0
99.526757 96.151541 0
-99.526757 -96.151541 0
-124.049713 108.704936 0
-75.169820 90.348812 0
-90.621356 124.167186 0
-108.273641 74.843124 0
124.049713 -108.704936 0
75.169820 -90.348812 0
124.167186 90.621356 0
74.843124 108.273641 0
87.941268 -124.011549 0
110.775910 -74.843752 0
-87.626720 -75.213840 0
-111.274503 -123.891541 0
-124.011549 -87.941268 0
-74.843752 -110.775910 0
87.626720 75.213840 0
-95.816342 99.450298 0
111.274503 123.891541 0
0.000000 0.000000 0
95.816342 -99.450298 0
99.450298 95.816342 0
-99.450298 -95.816342 0
-123.891541 111.274503 0
-75.213840 87.626720 0
-87.941268 124.011549 0
-110.775910 74.843752 0
123.891541 -111.274503 0
75.213840 -87.626720 0
124.011549 87.941268 0
74.843752 110.775910 0
85.259635 -123.841608 0
113.267296 -74.845978 0
-84.900893 -75.260342 0
-113.837909 -123.722811 0
-123.841608 -85.259635 0
-74.845978 -113.267296 0
84.900893 75.260342 0
-95.475482 99.367972 0
113.837909 123.722811 0
0.000000 0.000000 0
95.475482 -99.367972 0
99.367972 95.475482 0
-99.367972 -95.475482 0
-123.722811 113.837909 0
-75.260342 84.900893 0
-85.259635 123.841608 0
-113.267296 74.845978 0
123.722811 -113.837909 0
75.260342 -84.900893 0
123.841608 85.259635 0
74.845978 113.267296 0
82.577058 -123.657844 0
115.747795 -74.849105 0
-82.171672 -75.307640 0
-116.394906 -123.544300 0
-123.657844 -82.577058 0
-74.849105 -115.747795 0
82.171672 75.307640 0
-95.128944 99.279745 0
116.394906 123.544300 0
0.000000 0.000000 0
95.128944 -99.279745 0
99.279745 95.128944 0
-99.279745 -95.128944 0
-123.544300 116.394906 0
-75.307640 82.171672 0
-82.577058 123.657844 0
-115.747795 74.849105 0
123.544300 -116.394906 0
75.307640 -82.171672 0
123.657844 82.577058 0
74.849105 115.747795 0
79.893975 -123.460827 0
118.217557 -74.852491 0
-79.439085 -75.354019 0
-118.945365 -123.356770 0
-123.460827 -79.893975 0
-74.852491 -118.217557 0
79.439085 75.354019 0
-94.776712 99.185584 0
118.945365 123.356770 0
0.000000 0.000000 0
94.776712 -99.185584 0
99.185584 94.776712 0
-99.185584 -94.776712 0
-123.356770 118.945365 0
-75.354019 79.439085 0
-79.893975 123.460827 0
-118.217557 74.852491 0
123.356770 -118.945365 0
75.354019 -79.439085 0
123.460827 79.893975 0
74.852491 118.217557 0
77.210672 -123.251158 0
120.676836 -74.855576 0
-76.702909 -75.397830 0
-121.489256 -123.160944 0
-123.251158 -77.210672 0
-74.855576 -120.676836 0
76.702909 75.397830 0
-94.418770 99.085454 0
121.489256 123.160944 0
0.000000 0.000000 0
94.418770 -99.085454 0
99.085454 94.418770 0
-99.085454 -94.418770 0
-123.160944 121.489256 0
-75.397830 76.702909 0
-77.210672 123.251158 0
-120.676836 74.855576 0
123.160944 -121.489256 0
75.397830 -76.702909 0
123.251158 77.210672 0
74.855576 120.676836 0
74.527296 -123.029421 0
123.125952 -74.857895 0
-73.962758 -75.437547 0
-124.026623 -122.957488 0
-123.029421 -74.527296 0
-74.857895 -123.125952 0
73.962758 75.437547 0
-94.055098 98.979321 0
124.026623 122.957488 0
0.000000 0.000000 0
94.055098 -98.979321 0
98.979321 94.055098 0
-98.979321 -94.055098 0
-122.957488 124.026623 0
-75.437547 73.962758 0
-74.527296 123.029421 0
-123.125952 74.857895 0
122.957488 -124.026623 0
75.437547 -73.962758 0
123.029421 74.527296 0
74.857895 123.125952 0
71.843885 -122.796153 0
125.565262 -74.859070 0
-71.218147 -75.471776 0
-126.557564 -122.747005 0
-122.796153 -71.843885 0
-74.859070 -125.565262 0
71.218147 75.471776 0
-93.685678 98.867147 0
126.557564 122.747005 0
0.000000 0.000000 0
93.685678 -98.867147 0
98.867147 93.685678 0
-98.867147 -93.685678 0
-122.747005 126.557564 0
-75.471776 71.218147 0
-71.843885 122.796153 0
-125.565262 74.859070 0
122.747005 -126.557564 0
75.471776 -71.218147 0
122.796153 71.843885 0
74.859070 125.565262 0
69.160397 -122.551823 0
127.995133 -74.858805 0
-68.468548 -75.499249 0
-129.082211 -122.530035 0
-122.551823 -69.160397 0
-74.858805 -127.995133 0
68.468548 75.499249 0
-93.310490 98.748896 0
129.082211 122.530035 0
0.000000 0.000000 0
93.310490 -98.748896 0
98.748896 93.310490 0
-98.748896 -93.310490 0
-122.530035 129.082211 0
-75.499249 68.468548 0
-69.160397 122.551823 0
-127.995133 74.858805 0
122.530035 -129.082211 0
75.499249 -68.468548 0
122.551823 69.160397 0
74.858805 127.995133 0
66.476730 -122.296825 0
130.415932 -74.856872 0
-65.713431 -75.518807 0
-131.600721 -122.307057 0
-122.296825 -66.476730 0
-74.856872 -130.415932 0
65.713431 75.518807 0
-92.929515 98.624528 0
131.600721 122.307057 0
0.000000 0.000000 0
92.929515 -98.624528 0
98.624528 92.929515 0
-98.624528 -92.929515 0
-122.307057 131.600721 0
-75.518807 65.713431 0
-66.476730 122.296825 0
-130.415932 74.856872 0
122.307057 -131.600721 0
75.518807 -65.713431 0
122.296825 66.476730 0
74.856872 130.415932 0
63.792749 -122.031476 0
132.828015 -74.853100 0
-62.952284 -75.529376 0
-134.113259 -122.078496 0
-122.031476 -63.792749 0
-74.853100 -132.828015 0
62.952284 75.529376 0
-92.542731 98.494004 0
134.113259 122.078496 0
0.000000 0.000000 0
92.542731 -98.494004 0
98.494004 92.542731 0
-98.494004 -92.542731 0
-122.078496 134.113259 0
-75.529376 62.952284 0
-63.792749 122.031476 0
-132.828015 74.853100 0
122.078496 -134.113259 0
75.529376 -62.952284 0
122.031476 63.792749 0
74.853100 132.828015 0
61.108300 -121.756022 0
135.231724 -74.847364 0
-60.184628 -75.529947 0
-136.619998 -121.844728 0
-121.756022 -61.108300 0
-74.847364 -135.231724 0
60.184628 75.529947 0
-92.150117 98.357283 0
136.619998 121.844728 0
0.000000 0.000000 0
92.150117 -98.357283 0
98.357283 92.150117 0
-98.357283 -92.150117 0
-121.844728 136.619998 0
-75.529947 60.184628 0
-61.108300 121.756022 0
-135.231724 74.847364 0
121.844728 -136.619998 0
75.529947 -60.184628 0
121.756022 61.108300 0
74.847364 135.231724 0
58.423226 -121.470640 0
137.627381 -74.839578 0
-57.410032 -75.519555 0
-139.121107 -121.606085 0
-121.470640 -58.423226 0
-74.839578 -137.627381 0
57.410032 75.519555 0
-91.751650 98.214324 0
139.121107 121.606085 0
0.000000 0.000000 0
91.751650 -98.214324 0
98.214324 91.751650 0
-98.214324 -91.751650 0
-121.606085 139.121107 0
-75.519555 57.410032 0
-58.423226 121.470640 0
-137.627381 74.839578 0
121.606085 -139.121107 0
75.519555 -57.410032 0
121.470640 58.423226 0
74.839578 137.627381 0
55.737372 -121.175450 0
140.015288 -74.829685 0
-54.628112 -75.497268 0
-141.616754 -121.362864 0
-121.175450 -55.737372 0
-74.829685 -140.015288 0
54.628112 75.497268 0
-91.347305 98.065083 0
141.616754 121.362864 0
0.000000 0.000000 0
91.347305 -98.065083 0
98.065083 91.347305 0
-98.065083 -91.347305 0
-121.362864 141.616754 0
-75.497268 54.628112 0
-55.737372 121.175450 0
-140.015288 74.829685 0
121.362864 -141.616754 0
75.497268 -54.628112 0
121.175450 55.737372 0
74.829685 140.015288 0
53.050592 -120.870517 0
142.395731 -74.817653 0
-51.838539 -75.462167 0
-144.107100 -121.115327 0
-120.870517 -53.050592 0
-74.817653 -142.395731 0
51.838539 75.462167 0
-90.937060 97.909517 0
144.107100 121.115327 0
0.000000 0.000000 0
90.937060 -97.909517 0
97.909517 90.937060 0
-97.909517 -90.937060 0
-121.115327 144.107100 0
-75.462167 51.838539 0
-53.050592 120.870517 0
-142.395731 74.817653 0
121.115327 -144.107100 0
75.462167 -51.838539 0
120.870517 53.050592 0
74.817653 142.395731 0
50.362758 -120.555864 0
144.768975 -74.803466 0
-49.041038 -75.413341 0
-146.592299 -120.863712 0
-120.555864 -50.362758 0
-74.803466 -144.768975 0
49.041038 75.413341 0
-90.520889 97.747579 0
146.592299 120.863712 0
0.000000 0.000000 0
90.520889 -97.747579 0
97.747579 90.520889 0
-97.747579 -90.520889 0
-120.863712 146.592299 0
-75.413341 49.041038 0
-50.362758 120.555864 0
-144.768975 74.803466 0
120.863712 -146.592299 0
75.413341 -49.041038 0
120.555864 50.362758 0
74.803466 144.768975 0
47.673756 -120.231474 0
147.135270 -74.787125 0
-46.235392 -75.349881 0
-149.072499 -120.608231 0
-120.231474 -47.673756 0
-74.787125 -147.135270 0
46.235392 75.349881 0
-90.098766 97.579224 0
149.072499 120.608231 0
0.000000 0.000000 0
90.098766 -97.579224 0
97.579224 90.098766 0
-97.579224 -90.098766 0
-120.608231 149.072499 0
-75.349881 46.235392 0
-47.673756 120.231474 0
-147.135270 74.787125 0
120.608231 -149.072499 0
75.349881 -46.235392 0
120.231474 47.673756 0
74.787125 147.135270 0
44.983492 -119.897297 0
149.494849 -74.768641 0
-43.421443 -75.270868 0
-151.547838 -120.349077 0
-119.897297 -44.983492 0
-74.768641 -149.494849 0
43.421443 75.270868 0
-89.670663 97.404403 0
151.547838 120.349077 0
0.000000 0.000000 0
89.670663 -97.404403 0
97.404403 89.670663 0
-97.404403 -89.670663 0
-120.349077 151.547838 0
-75.270868 43.421443 0
-44.983492 119.897297 0
-149.494849 74.768641 0
120.349077 -151.547838 0
75.270868 -43.421443 0
119.897297 44.983492 0
74.768641 149.494849 0
42.291894 -119.553256 0
151.847931 -74.748034 0
-40.599094 -75.175377 0
-154.018448 -120.086424 0
-119.553256 -42.291894 0
-74.748034 -151.847931 0
40.599094 75.175377 0
-89.236554 97.223067 0
154.018448 120.086424 0
0.000000 0.000000 0
89.236554 -97.223067 0
97.223067 89.236554 0
-97.223067 -89.236554 0
-120.086424 154.018448 0
-75.175377 40.599094 0
-42.291894 119.553256 0
-151.847931 74.748034 0
120.086424 -154.018448 0
75.175377 -40.599094 0
119.553256 42.291894 0
74.748034 151.847931 0
39.598908 -119.199251 0
154.194721 -74.725332 0
-37.768313 -75.062470 0
-156.484456 -119.820432 0
-119.199251 -39.598908 0
-74.725332 -154.194721 0
37.768313 75.062470 0
-88.796409 97.035164 0
156.484456 119.820432 0
0.000000 0.000000 0
88.796409 -97.035164 0
97.035164 88.796409 0
-97.035164 -88.796409 0
-119.820432 156.484456 0
-75.062470 37.768313 0
-39.598908 119.199251 0
-154.194721 74.725332 0
119.820432 -156.484456 0
75.062470 -37.768313 0
119.199251 39.598908 0
74.725332 154.194721 0
36.904500 -118.835164 0
156.535411 -74.700568 0
-34.929134 -74.931200 0
-158.945979 -119.551248 0
-118.835164 -36.904500 0
-74.700568 -156.535411 0
34.929134 74.931200 0
-88.350199 96.840644 0
158.945979 119.551248 0
0.000000 0.000000 0
88.350199 -96.840644 0
96.840644 88.350199 0
-96.840644 -88.350199 0
-119.551248 158.945979 0
-74.931200 34.929134 0
-36.904500 118.835164 0
-156.535411 74.700568 0
119.551248 -158.945979 0
74.931200 -34.929134 0
118.835164 36.904500 0
74.700568 156.535411 0
34.208659 -118.460859 0
158.870183 -74.673776 0
-32.081661 -74.780609 0
-161.403129 -119.279006 0
-118.460859 -34.208659 0
-74.673776 -158.870183 0
32.081661 74.780609 0
-87.897893 96.639452 0
161.403129 119.279006 0
0.000000 0.000000 0
87.897893 -96.639452 0
96.639452 87.897893 0
-96.639452 -87.897893 0
-119.279006 161.403129 0
-74.780609 32.081661 0
-34.208659 118.460859 0
-158.870183 74.673776 0
119.279006 -161.403129 0
74.780609 -32.081661 0
118.460859 34.208659 0
74.673776 158.870183 0
31.511391 -118.076189 0
161.199208 -74.644995 0
-29.226074 -74.609734 0
-163.856012 -119.003833 0
-118.076189 -31.511391 0
-74.644995 -161.199208 0
29.226074 74.609734 0
-87.439459 96.431533 0
163.856012 119.003833 0
0.000000 0.000000 0
87.439459 -96.431533 0
96.431533 87.439459 0
-96.431533 -87.439459 0
-119.003833 163.856012 0
-74.609734 29.226074 0
-31.511391 118.076189 0
-161.199208 74.644995 0
119.003833 -163.856012 0
74.609734 -29.226074 0
118.076189 31.511391 0
74.644995 161.199208 0
28.812724 -117.680996 0
163.522648 -74.614267 0
-26.362627 -74.417611 0
-166.304729 -118.725843 0
-117.680996 -28.812724 0
-74.614267 -163.522648 0
26.362627 74.417611 0
-86.974865 96.216830 0
166.304729 118.725843 0
0.000000 0.000000 0
86.974865 -96.216830 0
96.216830 86.974865 0
-96.216830 -86.974865 0
-118.725843 166.304729 0
-74.417611 26.362627 0
-28.812724 117.680996 0
-163.522648 74.614267 0
118.725843 -166.304729 0
74.417611 -26.362627 0
117.680996 28.812724 0
74.614267 163.522648 0
26.112704 -117.275118 0
165.840657 -74.581634 0
-23.491655 -74.203278 0
-168.749376 -118.445145 0
-117.275118 -26.112704 0
-74.581634 -165.840657 0
23.491655 74.203278 0
-86.504076 95.995286 0
168.749376 118.445145 0
0.000000 0.000000 0
86.504076 -95.995286 0
95.995286 86.504076 0
-95.995286 -86.504076 0
-118.445145 168.749376 0
-74.203278 23.491655 0
-26.112704 117.275118 0
-165.840657 74.581634 0
118.445145 -168.749376 0
74.203278 -23.491655 0
117.275118 26.112704 0
74.581634 165.840657 0
23.411394 -116.858384 0
168.153378 -74.547138 0
-20.613577 -73.965785 0
-171.190044 -118.161841 0
-116.858384 -23.411394 0
-74.547138 -168.153378 0
20.613577 73.965785 0
-86.027058 95.766840 0
171.190044 118.161841 0
0.000000 0.000000 0
86.027058 -95.766840 0
95.766840 86.027058 0
-95.766840 -86.027058 0
-118.161841 171.190044 0
-73.965785 20.613577 0
-23.411394 116.858384 0
-168.153378 74.547138 0
118.161841 -171.190044 0
73.965785 -20.613577 0
116.858384 23.411394 0
74.547138 168.153378 0
20.708879 -116.430624 0
170.460951 -74.510823 0
-17.728894 -73.704203 0
-173.626820 -117.876024 0
-116.430624 -20.708879 0
-74.510823 -170.460951 0
17.728894 73.704203 0
-85.543775 95.531430 0
173.626820 117.876024 0
0.000000 0.000000 0
85.543775 -95.531430 0
95.531430 85.543775 0
-95.531430 -85.543775 0
-117.876024 173.626820 0
-73.704203 17.728894 0
-20.708879 116.430624 0
-170.460951 74.510823 0
117.876024 -173.626820 0
73.704203 -17.728894 0
116.430624 20.708879 0
74.510823 170.460951 0
18.005257 -115.991664 0
172.763506 -74.472733 0
-14.838195 -73.417632 0
-176.059785 -117.587786 0
-115.991664 -18.005257 0
-74.472733 -172.763506 0
14.838195 73.417632 0
-85.054189 95.288992 0
176.059785 117.587786 0
0.000000 0.000000 0
85.054189 -95.288992 0
95.288992 85.054189 0
-95.288992 -85.054189 0
-117.587786 176.059785 0
-73.417632 14.838195 0
-18.005257 115.991664 0
-172.763506 74.472733 0
117.587786 -176.059785 0
73.417632 -14.838195 0
115.991664 18.005257 0
74.472733 172.763506 0
15.300645 -115.541332 0
175.061168 -74.432909 0
-11.942153 -73.105215 0
-178.489021 -117.297209 0
-115.541332 -15.300645 0
-74.432909 -175.061168 0
11.942153 73.105215 0
-84.558263 95.039463 0
178.489021 117.297209 0
0.000000 0.000000 0
84.558263 -95.039463 0
95.039463 84.558263 0
-95.039463 -84.558263 0
-117.297209 178.489021 0
-73.105215 11.942153 0
-15.300645 115.541332 0
-175.061168 74.432909 0
117.297209 -178.489021 0
73.105215 -11.942153 0
115.541332 15.300645 0
74.432909 175.061168 0
12.595177 -115.079462 0
177.354056 -74.391396 0
-9.041528 -72.766143 0
-180.914601 -117.004374 0
-115.079462 -12.595177 0
-74.391396 -177.354056 0
9.041528 72.766143 0
-84.055956 94.782773 0
180.914601 117.004374 0
0.000000 0.000000 0
84.055956 -94.782773 0
94.782773 84.055956 0
-94.782773 -84.055956 0
-117.004374 180.914601 0
-72.766143 9.041528 0
-12.595177 115.079462 0
-177.354056 74.391396 0
117.004374 -180.914601 0
72.766143 -9.041528 0
115.079462 12.595177 0
74.391396 177.354056 0
9.889000 -114.605888 0
179.642283 -74.348236 0
-6.137158 -72.399677 0
-183.336600 -116.709356 0
-114.605888 -9.889000 0
-74.348236 -179.642283 0
6.137158 72.399677 0
-83.547228 94.518855 0
183.336600 116.709356 0
0.000000 0.000000 0
83.547228 -94.518855 0
94.518855 83.547228 0
-94.518855 -83.547228 0
-116.709356 183.336600 0
-72.399677 6.137158 0
-9.889000 114.605888 0
-179.642283 74.348236 0
116.709356 -183.336600 0
72.399677 -6.137158 0
114.605888 9.889000 0
74.348236 179.642283 0
7.182276 -114.120452 0
181.925960 -74.303470 0
-3.229959 -72.005153 0
-185.755086 -116.412227 0
-114.120452 -7.182276 0
-74.303470 -181.925960 0
3.229959 72.005153 0
-83.032036 94.247636 0
185.755086 116.412227 0
0.000000 0.000000 0
83.032036 -94.247636 0
94.247636 83.032036 0
-94.247636 -83.032036 0
-116.412227 185.755086 0
-72.005153 3.229959 0
-7.182276 114.120452 0
-181.925960 74.303470 0
116.412227 -185.755086 0
72.005153 -3.229959 0
114.120452 7.182276 0
74.303470 181.925960 0
4.475181 -113.623006 0
184.205190 -74.257139 0
-0.320914 -71.581996 0
-188.170128 -116.113055 0
-113.623006 -4.475181 0
-74.257139 -184.205190 0
0.320914 71.581996 0
-82.510338 93.969044 0
188.170128 116.113055 0
0.000000 0.000000 0
82.510338 -93.969044 0
93.969044 82.510338 0
-93.969044 -82.510338 0
-116.113055 188.170128 0
-71.581996 0.320914 0
-4.475181 113.623006 0
-184.205190 74.257139 0
116.113055 -188.170128 0
71.581996 -0.320914 0
113.623006 4.475181 0
74.257139 184.205190 0
1.767901 -113.113406 0
186.480072 -74.209283 0
2.588932 -71.129738 0
-190.581789 -115.811905 0
-113.113406 -1.767901 0
-74.209283 -186.480072 0
-2.588932 71.129738 0
-81.982088 93.683003 0
190.581789 115.811905 0
0.000000 0.000000 0
81.982088 -93.683003 0
93.683003 81.982088 0
-93.683003 -81.982088 0
-115.811905 190.581789 0
-71.129738 -2.588932 0
-1.767901 113.113406 0
-186.480072 74.209283 0
115.811905 -190.581789 0
71.129738 2.588932 0
113.113406 1.767901 0
74.209283 186.480072 0
-0.939363 -112.591524 0
188.750704 -74.159942 0
5.498486 -70.648019 0
-192.990131 -115.508839 0
-112.591524 0.939363 0
-74.159942 -188.750704 0
-5.498486 70.648019 0
-81.447240 93.389435 0
192.990131 115.508839 0
0.000000 0.000000 0
81.447240 -93.389435 0
93.389435 81.447240 0
-93.389435 -81.447240 0
-115.508839 192.990131 0
-70.648019 -5.498486 0
0.939363 112.591524 0
-188.750704 74.159942 0
115.508839 -192.990131 0
70.648019 5.498486 0
112.591524 -0.939363 0
74.159942 188.750704 0
-3.646404 -112.057238 0
191.017177 -74.109153 0
8.406621 -70.136606 0
-195.395216 -115.203916 0
-112.057238 3.646404 0
-74.109153 -191.017177 0
-8.406621 70.136606 0
-80.905746 93.088259 0
195.395216 115.203916 0
0.000000 0.000000 0
80.905746 -93.088259 0
93.088259 80.905746 0
-93.088259 -80.905746 0
-115.203916 195.395216 0
-70.136606 -8.406621 0
3.646404 112.057238 0
-191.017177 74.109153 0
115.203916 -195.395216 0
70.136606 8.406621 0
112.057238 -3.646404 0
74.109153 191.017177 0
-6.353006 -111.510442 0
193.279579 -74.056954 0
11.312186 -69.595396 0
-197.797101 -114.897193 0
-111.510442 6.353006 0
-74.056954 -193.279579 0
-11.312186 69.595396 0
-80.357557 92.779394 0
197.797101 114.897193 0
0.000000 0.000000 0
80.357557 -92.779394 0
92.779394 80.357557 0
-92.779394 -80.357557 0
-114.897193 197.797101 0
-69.595396 -11.312186 0
6.353006 111.510442 0
-193.279579 74.056954 0
114.897193 -197.797101 0
69.595396 11.312186 0
111.510442 -6.353006 0
74.056954 193.279579 0
-9.058943 -110.951043 0
195.537997 -74.003382 0
14.214025 -69.024422 0
-200.195841 -114.588724 0
-110.951043 9.058943 0
-74.003382 -195.537997 0
-14.214025 69.024422 0
-79.802623 92.462753 0
200.195841 114.588724 0
0.000000 0.000000 0
79.802623 -92.462753 0
92.462753 79.802623 0
-92.462753 -79.802623 0
-114.588724 200.195841 0
-69.024422 -14.214025 0
9.058943 110.951043 0
-195.537997 74.003382 0
114.588724 -200.195841 0
69.024422 14.214025 0
110.951043 -9.058943 0
74.003382 195.537997 0
-11.763989 -110.378961 0
197.792512 -73.948472 0
17.110995 -68.423861 0
-202.591493 -114.278561 0
-110.378961 11.763989 0
-73.948472 -197.792512 0
-17.110995 68.423861 0
-79.240890 92.138250 0
202.591493 114.278561 0
0.000000 0.000000 0
79.240890 -92.138250 0
92.138250 79.240890 0
-92.138250 -79.240890 0
-114.278561 202.591493 0
-68.423861 -17.110995 0
11.763989 110.378961 0
-197.792512 73.948472 0
114.278561 -202.591493 0
68.423861 17.110995 0
110.378961 -11.763989 0
73.948472 197.792512 0
-14.467911 -109.794130 0
200.043205 -73.892258 0
20.001979 -67.794030 0
-204.984108 -113.966754 0
-109.794130 14.467911 0
-73.892258 -200.043205 0
-20.001979 67.794030 0
-78.672305 91.805793 0
204.984108 113.966754 0
0.000000 0.000000 0
78.672305 -91.805793 0
91.805793 78.672305 0
-91.805793 -78.672305 0
-113.966754 204.984108 0
-67.794030 -20.001979 0
14.467911 109.794130 0
-200.043205 73.892258 0
113.966754 -204.984108 0
67.794030 20.001979 0
109.794130 -14.467911 0
73.892258 200.043205 0
-17.170475 -109.196499 0
202.290150 -73.834775 0
22.885904 -67.135388 0
-207.373737 -113.653352 0
-109.196499 17.170475 0
-73.834775 -202.290150 0
-22.885904 67.135388 0
-78.096812 91.465289 0
207.373737 113.653352 0
0.000000 0.000000 0
78.096812 -91.465289 0
91.465289 78.096812 0
-91.465289 -78.096812 0
-113.653352 207.373737 0
-67.135388 -22.885904 0
17.170475 109.196499 0
-202.290150 73.834775 0
113.653352 -207.373737 0
67.135388 22.885904 0
109.196499 -17.170475 0
73.834775 202.290150 0
-19.871448 -108.586034 0
204.533423 -73.776055 0
25.761758 -66.448532 0
-209.760430 -113.338399 0
-108.586034 19.871448 0
-73.776055 -204.533423 0
-25.761758 66.448532 0
-77.514353 91.116642 0
209.760430 113.338399 0
0.000000 0.000000 0
77.514353 -91.116642 0
91.116642 77.514353 0
-91.116642 -77.514353 0
-113.338399 209.760430 0
-66.448532 -25.761758 0
19.871448 108.586034 0
-204.533423 73.776055 0
113.338399 -209.760430 0
66.448532 25.761758 0
108.586034 -19.871448 0
73.776055 204.533423 0
-22.570599 -107.962713 0
206.773094 -73.716129 0
28.628602 -65.734195 0
-212.144236 -113.021940 0
-107.962713 22.570599 0
-73.716129 -206.773094 0
-28.628602 65.734195 0
-76.924869 90.759752 0
212.144236 113.021940 0
0.000000 0.000000 0
76.924869 -90.759752 0
90.759752 76.924869 0
-90.759752 -76.924869 0
-113.021940 212.144236 0
-65.734195 -28.628602 0
22.570599 107.962713 0
-206.773094 73.716129 0
113.021940 -212.144236 0
65.734195 28.628602 0
107.962713 -22.570599 0
73.716129 206.773094 0
-25.267701 -107.326528 0
209.009234 -73.655029 0
31.485583 -64.993236 0
-214.525201 -112.704019 0
-107.326528 25.267701 0
-73.655029 -209.009234 0
-31.485583 64.993236 0
-76.328298 90.394516 0
214.525201 112.704019 0
0.000000 0.000000 0
76.328298 -90.394516 0
90.394516 76.328298 0
-90.394516 -76.328298 0
-112.704019 214.525201 0
-64.993236 -31.485583 0
25.267701 107.326528 0
-209.009234 73.655029 0
112.704019 -214.525201 0
64.993236 31.485583 0
107.326528 -25.267701 0
73.655029 209.009234 0
-27.962535 -106.677485 0
211.241908 -73.592785 0
34.331943 -64.226637 0
-216.903370 -112.384675 0
-106.677485 27.962535 0
-73.592785 -211.241908 0
-34.331943 64.226637 0
-75.724578 90.020828 0
216.903370 112.384675 0
0.000000 0.000000 0
75.724578 -90.020828 0
90.020828 75.724578 0
-90.020828 -75.724578 0
-112.384675 216.903370 0
-64.226637 -34.331943 0
27.962535 106.677485 0
-211.241908 73.592785 0
112.384675 -216.903370 0
64.226637 34.331943 0
106.677485 -27.962535 0
73.592785 211.241908 0
-30.654888 -106.015601 0
213.471183 -73.529425 0
37.167026 -63.435495 0
-219.278789 -112.063949 0
-106.015601 30.654888 0
-73.529425 -213.471183 0
-37.167026 63.435495 0
-75.113641 89.638579 0
219.278789 112.063949 0
0.000000 0.000000 0
75.113641 -89.638579 0
89.638579 75.113641 0
-89.638579 -75.113641 0
-112.063949 219.278789 0
-63.435495 -37.167026 0
30.654888 106.015601 0
-213.471183 73.529425 0
112.063949 -219.278789 0
63.435495 37.167026 0
106.015601 -30.654888 0
73.529425 213.471183 0
-33.344559 -105.340905 0
215.697120 -73.464979 0
39.990277 -62.621017 0
-221.651500 -111.741880 0
-105.340905 33.344559 0
-73.464979 -215.697120 0
-39.990277 62.621017 0
-74.495422 89.247655 0
221.651500 111.741880 0
0.000000 0.000000 0
74.495422 -89.247655 0
89.247655 74.495422 0
-89.247655 -74.495422 0
-111.741880 221.651500 0
-62.621017 -39.990277 0
33.344559 105.340905 0
-215.697120 73.464979 0
111.741880 -221.651500 0
62.621017 39.990277 0
105.340905 -33.344559 0
73.464979 215.697120 0
-36.031362 -104.653430 0
217.919780 -73.399474 0
42.801243 -61.784511 0
-224.021546 -111.418503 0
-104.653430 36.031362 0
-73.399474 -217.919780 0
-42.801243 61.784511 0
-73.869850 88.847938 0
224.021546 111.418503 0
0.000000 0.000000 0
73.869850 -88.847938 0
88.847938 73.869850 0
-88.847938 -73.869850 0
-111.418503 224.021546 0
-61.784511 -42.801243 0
36.031362 104.653430 0
-217.919780 73.399474 0
111.418503 -224.021546 0
61.784511 42.801243 0
104.653430 -36.031362 0
73.399474 217.919780 0
