3
212.000000 0.000000 0
200.000000 0.000000 0
0.000000 0.000000 0
211.945765 4.450000 0
199.962523 3.800000 0
0.000075 0.000000 0
211.783097 8.898170 0
199.850098 7.599289 0
0.000301 0.000001 0
211.512152 13.340854 0
199.662750 11.396447 0
0.000676 0.000007 0
211.133237 17.774408 0
199.400527 15.190052 0
0.001202 0.000020 0
210.646814 22.195210 0
199.063505 18.978683 0
0.001878 0.000043 0
210.053491 26.599672 0
198.651782 22.760922 0
0.002704 0.000079 0
209.354024 30.984249 0
198.165481 26.535350 0
0.003680 0.000130 0
208.549306 35.345448 0
197.604752 30.300551 0
0.004804 0.000200 0
207.640361 39.679834 0
196.969767 34.055109 0
0.006078 0.000291 0
206.628340 43.984040 0
196.260725 37.797613 0
0.007500 0.000407 0
205.514507 48.254770 0
195.477849 41.526652 0
0.009070 0.000549 0
204.300236 52.488800 0
194.621388 45.240819 0
0.010788 0.000722 0
202.986999 56.682985 0
193.691614 48.938712 0
0.012653 0.000927 0
201.576358 60.834258 0
192.688825 52.618931 0
0.014664 0.001168 0
200.069957 64.939625 0
191.613347 56.280081 0
0.016821 0.001447 0
198.469516 68.996169 0
190.465526 59.920770 0
0.019123 0.001767 0
196.776823 73.001043 0
189.245737 63.539613 0
0.021569 0.002131 0
194.993728 76.951468 0
187.954378 67.135229 0
0.024159 0.002542 0
193.122142 80.844723 0
186.591874 70.706244 0
0.026892 0.003002 0
191.164028 84.678146 0
185.158672 74.251289 0
0.029766 0.003515 0
189.121404 88.449118 0
183.655248 77.769003 0
0.032781 0.004082 0
186.996341 92.155063 0
182.082101 81.258031 0
0.035936 0.004707 0
184.790964 95.793436 0
180.439754 84.717025 0
0.039229 0.005392 0
182.507454 99.361712 0
178.728758 88.144647 0
0.042660 0.006140 0
180.148058 102.857383 0
176.949686 91.539565 0
0.046228 0.006954 0
177.715091 106.277941 0
175.103138 94.900459 0
0.049931 0.007837 0
175.210945 109.620873 0
173.189738 98.226015 0
0.053768 0.008790 0
172.638110 112.883649 0
171.210134 101.514931 0
0.057737 0.009817 0
169.999178 116.063710 0
169.165000 104.765913 0
0.061838 0.010920 0
167.296874 119.158460 0
167.055034 107.977682 0
0.066069 0.012102 0
164.534072 122.165252 0
164.880959 111.148965 0
0.070428 0.013365 0
161.713834 125.081379 0
162.643521 114.278504 0
0.074914 0.014712 0
158.839439 127.904066 0
160.343492 117.365054 0
0.079526 0.016146 0
155.914436 130.630458 0
157.981666 120.407379 0
0.084261 0.017668 0
152.942702 133.257618 0
155.558861 123.404259 0
0.089119 0.019281 0
149.928513 135.782519 0
153.075920 126.354487 0
0.094096 0.020989 0
146.876638 138.202059 0
150.533708 129.256871 0
0.099193 0.022792 0
143.792452 140.513068 0
147.933113 132.110232 0
0.104407 0.024694 0
140.682085 142.712352 0
145.275044 134.913406 0
0.109735 0.026697 0
137.552606 144.796756 0
142.560435 137.665246 0
0.115177 0.028802 0
134.412251 146.763278 0
139.790237 140.364619 0
0.120730 0.031014 0
131.270712 148.609270 0
136.965424 143.010410 0
0.126392 0.033332 0
128.139477 150.332749 0
134.086990 145.601516 0
0.132161 0.035761 0
125.032217 151.932918 0
131.155946 148.136851 0
0.138036 0.038302 0
121.965154 153.410981 0
128.173321 150.615345 0
0.144013 0.040957 0
118.957295 154.771384 0
125.140161 153.035937 0
0.150092 0.043728 0
116.030200 156.023622 0
122.057530 155.397575 0
0.156269 0.046617 0
113.206758 157.184560 0
118.926509 157.699213 0
0.162542 0.049627 0
110.508166 158.280789 0
115.748207 159.939806 0
0.168910 0.052759 0
107.948477 159.349568 0
112.523767 162.118306 0
0.175369 0.056016 0
105.527493 160.435987 0
109.254382 164.233673 0
0.181917 0.059399 0
103.225440 161.584735 0
105.941304 166.284887 0
0.188552 0.062909 0
101.004235 162.828805 0
102.585844 168.270974 0
0.195272 0.066550 0
98.816523 164.181528 0
99.189351 170.191023 0
0.202074 0.070322 0
96.617372 165.636723 0
95.753188 172.044185 0
0.208955 0.074228 0
94.372090 167.175286 0
92.278719 173.829659 0
0.215913 0.078269 0
92.058099 168.772970 0
88.767301 175.546679 0
0.222945 0.082446 0
89.662994 170.405823 0
85.220291 177.194504 0
0.230049 0.086762 0
87.181487 172.052800 0
81.639048 178.772411 0
0.237221 0.091217 0
84.612748 173.696476 0
78.024943 180.279695 0
0.244460 0.095814 0
