20
-47.552826 15.450850 0
-40.450850 29.389263 0
-29.389263 40.450850 0
-15.450850 47.552826 0
0.000000 50.000000 0
15.450850 47.552826 0
29.389263 40.450850 0
40.450850 29.389263 0
47.552826 -15.450850 0
40.450850 -29.389263 0
29.389263 -40.450850 0
15.450850 -47.552826 0
-0.000000 -50.000000 0
-15.450850 -47.552826 0
-29.389263 -40.450850 0
-40.450850 -29.389263 0
-47.552826 -15.450850 0
-50.000000 0.000000 0
47.552826 15.450850 0
50.000000 0.000000 0
-46.089885 19.181360 0
-37.906720 32.485116 0
-26.012980 42.609002 0
-11.572908 48.562021 0
4.000000 49.761452 0
19.181360 46.089885 0
32.485116 37.906720 0
42.609002 26.012980 0
46.089885 -19.181360 0
37.906720 -32.485116 0
26.012980 -42.609002 0
11.572908 -48.562021 0
-4.000000 -49.761452 0
-19.181360 -46.089885 0
-32.485116 -37.906720 0
-42.609002 -26.012980 0
-48.562021 -11.572908 0
-49.761452 4.000000 0
48.562021 11.572908 0
49.761452 -4.000000 0
-44.179147 22.746213 0
-34.987899 35.285041 0
-22.371792 44.369924 0
-7.565778 49.111569 0
7.980827 49.045832 0
22.746213 44.179147 0
35.285041 34.987899 0
44.369924 22.371792 0
44.179147 -22.746213 0
34.987899 -35.285041 0
22.371792 -44.369924 0
7.565778 -49.111569 0
-7.980827 -49.045832 0
-22.746213 -44.179147 0
-35.285041 -34.987899 0
-44.369924 -22.371792 0
-49.111569 -7.565778 0
-49.045832 7.980827 0
49.111569 7.565778 0
49.045832 -7.980827 0
-41.832748 26.108563 0
-31.717318 37.757749 0
-18.497176 45.710944 0
-3.466402 49.189633 0
11.903689 47.853298 0
26.108563 41.832748 0
37.757749 31.717318 0
45.710944 18.497176 0
41.832748 -26.108563 0
31.717318 -37.757749 0
18.497176 -45.710944 0
3.466402 -49.189633 0
-11.903689 -47.853298 0
-26.108563 -41.832748 0
-37.757749 -31.717318 0
-45.710944 -18.497176 0
-49.189633 -3.466402 0
-47.853298 11.903689 0
49.189633 3.466402 0
47.853298 -11.903689 0
-39.063558 29.230501 0
-28.118929 39.871162 0
-14.421824 46.608955 0
0.686989 48.784340 0
15.728556 46.184373 0
29.230501 39.063558 0
39.871162 28.118929 0
46.608955 14.421824 0
39.063558 -29.230501 0
28.118929 -39.871162 0
14.421824 -46.608955 0
-0.686989 -48.784340 0
-15.728556 -46.184373 0
-29.230501 -39.063558 0
-39.871162 -28.118929 0
-46.608955 -14.421824 0
-48.784340 0.686989 0
-46.184373 15.728556 0
48.784340 -0.686989 0
46.184373 -15.728556 0
-35.885716 32.072487 0
-24.218400 41.592044 0
-10.180419 47.040282 0
4.854093 47.883889 0
19.413452 44.040287 0
32.072487 35.885716 0
41.592044 24.218400 0
47.040282 10.180419 0
35.885716 -32.072487 0
24.218400 -41.592044 0
10.180419 -47.040282 0
-4.854093 -47.883889 0
-19.413452 -44.040287 0
-32.072487 -35.885716 0
-41.592044 -24.218400 0
-47.040282 -10.180419 0
-47.883889 4.854093 0
-44.040287 19.413452 0
47.883889 -4.854093 0
44.040287 -19.413452 0
-32.315321 34.592812 0
-20.043930 42.885702 0
-5.810500 46.980642 0
8.991703 46.476789 0
22.913736 41.423464 0
34.592812 32.315321 0
42.885702 20.043930 0
46.980642 5.810500 0
32.315321 -34.592812 0
20.043930 -42.885702 0
5.810500 -46.980642 0
-8.991703 -46.476789 0
-22.913736 -41.423464 0
-34.592812 -32.315321 0
-42.885702 -20.043930 0
-46.980642 -5.810500 0
-46.476789 8.991703 0
-41.423464 22.913736 0
46.476789 -8.991703 0
41.423464 -22.913736 0
-28.371300 36.747104 0
-15.627230 43.715786 0
-1.353458 46.405263 0
13.052799 44.552269 0
26.181358 38.338189 0
36.747104 28.371300 0
43.715786 15.627230 0
46.405263 1.353458 0
28.371300 -36.747104 0
15.627230 -43.715786 0
1.353458 -46.405263 0
-13.052799 -44.552269 0
-26.181358 -38.338189 0
-36.747104 -28.371300 0
-43.715786 -15.627230 0
-46.405263 -1.353458 0
-44.552269 13.052799 0
-38.338189 26.181358 0
44.552269 -13.052799 0
38.338189 -26.181358 0
-24.076513 38.487905 0
-11.004708 44.044224 0
3.144315 45.289188 0
16.985550 42.100931 0
29.164121 34.791541 0
38.487905 24.076513 0
44.044224 11.004708 0
45.289188 -3.144315 0
24.076513 -38.487905 0
11.004708 -44.044224 0
-3.144315 -45.289188 0
-16.985550 -42.100931 0
-29.164121 -34.791541 0
-38.487905 -24.076513 0
-44.044224 -11.004708 0
-45.289188 3.144315 0
-42.100931 16.985550 0
-34.791541 29.164121 0
42.100931 -16.985550 0
34.791541 -29.164121 0
-19.459169 39.764372 0
-6.218902 43.831379 0
7.630113 43.607865 0
20.732240 39.115709 0
31.804951 30.794636 0
39.764372 19.459169 0
43.831379 6.218902 0
43.607865 -7.630113 0
19.459169 -39.764372 0
6.218902 -43.831379 0
-7.630113 -43.607865 0
-20.732240 -39.115709 0
-31.804951 -30.794636 0
-39.764372 -19.459169 0
-43.831379 -6.218902 0
-43.607865 7.630113 0
-39.115709 20.732240 0
-30.794636 31.804951 0
39.115709 -20.732240 0
30.794636 -31.804951 0
-14.554613 40.522205 0
-1.320210 43.036529 0
12.043425 41.338139 0
24.228165 35.593283 0
34.041284 26.364309 0
40.522205 14.554613 0
43.036529 1.320210 0
41.338139 -12.043425 0
14.554613 -40.522205 0
1.320210 -43.036529 0
-12.043425 -41.338139 0
-24.228165 -35.593283 0
-34.041284 -26.364309 0
-40.522205 -14.554613 0
-43.036529 -1.320210 0
-41.338139 12.043425 0
-35.593283 24.228165 0
-26.364309 34.041284 0
35.593283 -24.228165 0
26.364309 -34.041284 0
-9.407565 40.703968 0
3.631092 41.618872 0
16.314313 38.459830 0
27.400574 31.536072 0
35.804677 21.525343 0
40.703968 9.407565 0
41.618872 -3.631092 0
38.459830 -16.314313 0
9.407565 -40.703968 0
-3.631092 -41.618872 0
-16.314313 -38.459830 0
-27.400574 -31.536072 0
-35.804677 -21.525343 0
-40.703968 -9.407565 0
-41.618872 3.631092 0
-38.459830 16.314313 0
-31.536072 27.400574 0
-21.525343 35.804677 0
31.536072 -27.400574 0
21.525343 -35.804677 0
-4.074830 40.250061 0
8.562559 39.539275 0
20.361785 34.958109 0
30.167858 26.954999 0
37.020891 16.313347 0
40.250061 4.074830 0
39.539275 -8.562559 0
34.958109 -20.361785 0
4.074830 -40.250061 0
-8.562559 -39.539275 0
-20.361785 -34.958109 0
-30.167858 -26.954999 0
-37.020891 -16.313347 0
-40.250061 -4.074830 0
-39.539275 8.562559 0
-34.958109 20.361785 0
-26.954999 30.167858 0
-16.313347 37.020891 0
26.954999 -30.167858 0
16.313347 -37.020891 0
1.371550 39.100706 0
13.387205 36.763149 0
24.092426 30.826959 0
32.439313 21.873211 0
37.610814 10.778361 0
39.100706 -1.371550 0
36.763149 -13.387205 0
30.826959 -24.092426 0
-1.371550 -39.100706 0
-13.387205 -36.763149 0
-24.092426 -30.826959 0
-32.439313 -21.873211 0
-37.610814 -10.778361 0
-39.100706 1.371550 0
-36.763149 13.387205 0
-30.826959 24.092426 0
-21.873211 32.439313 0
-10.778361 37.610814 0
21.873211 -32.439313 0
10.778361 -37.610814 0
6.840975 37.199471 0
18.001423 33.264821 0
27.399765 26.073980 0
34.116028 16.330835 0
37.492776 4.989115 0
37.199471 -6.840975 0
33.264821 -18.001423 0
26.073980 -27.399765 0
-6.840975 -37.199471 0
-18.001423 -33.264821 0
-27.399765 -26.073980 0
-34.116028 -16.330835 0
-37.492776 -4.989115 0
-37.199471 6.840975 0
-33.264821 18.001423 0
-26.073980 27.399765 0
-16.330835 34.116028 0
-4.989115 37.492776 0
16.330835 -34.116028 0
4.989115 -37.492776 0
12.221345 34.498889 0
22.283933 29.033790 0
30.165214 20.726661 0
35.093714 10.390662 0
36.586996 -0.962447 0
34.498889 -12.221345 0
29.033790 -22.283933 0
20.726661 -30.165214 0
-12.221345 -34.498889 0
-22.283933 -29.033790 0
-30.165214 -20.726661 0
-35.093714 -10.390662 0
-36.586996 0.962447 0
-34.498889 12.221345 0
-29.033790 22.283933 0
-20.726661 30.165214 0
-10.390662 35.093714 0
0.962447 36.586996 0
10.390662 -35.093714 0
-0.962447 -36.586996 0
17.377654 30.968663 0
26.096974 24.082959 0
32.261741 14.839846 0
35.268504 4.144106 0
34.822939 -6.957288 0
30.968663 -17.377654 0
24.082959 -26.096974 0
14.839846 -32.261741 0
-17.377654 -30.968663 0
-26.096974 -24.082959 0
-32.261741 -14.839846 0
-35.268504 -4.144106 0
-34.822939 6.957288 0
-30.968663 17.377654 0
-24.082959 26.096974 0
-14.839846 32.261741 0
-4.144106 35.268504 0
6.957288 34.822939 0
4.144106 -35.268504 0
-6.957288 -34.822939 0
22.153874 26.606361 0
29.291404 18.458230 0
33.561687 8.503278 0
34.546719 -2.284034 0
32.150077 -12.847768 0
26.606361 -22.153874 0
18.458230 -29.291404 0
8.503278 -33.561687 0
-22.153874 -26.606361 0
-29.291404 -18.458230 0
-33.561687 -8.503278 0
-34.546719 2.284034 0
-32.150077 12.847768 0
-26.606361 22.153874 0
-18.458230 29.291404 0
-8.503278 33.561687 0
2.284034 34.546719 0
12.847768 32.150077 0
-2.284034 -34.546719 0
-12.847768 -32.150077 0
26.380318 21.449304 0
31.717373 12.247534 0
33.949711 1.846890 0
32.858814 -8.734541 0
28.551467 -18.460974 0
21.449304 -26.380318 0
12.247534 -31.717373 0
1.846890 -33.949711 0
-26.380318 -21.449304 0
-31.717373 -12.247534 0
-33.949711 -1.846890 0
-32.858814 8.734541 0
-28.551467 18.460974 0
-21.449304 26.380318 0
-12.247534 31.717373 0
-1.846890 33.949711 0
8.734541 32.858814 0
18.460974 28.551467 0
-8.734541 -32.858814 0
-18.460974 -28.551467 0
29.888135 15.584459 0
33.241168 5.585759 0
33.340324 -4.959713 0
30.175897 -15.019694 0
24.057643 -23.609443 0
15.584459 -29.888135 0
5.585759 -33.241168 0
-4.959713 -33.340324 0
-29.888135 -15.584459 0
-33.241168 -5.585759 0
-33.340324 4.959713 0
-30.175897 15.019694 0
-24.057643 23.609443 0
-15.584459 29.888135 0
-5.585759 33.241168 0
4.959713 33.340324 0
15.019694 30.175897 0
23.609443 24.057643 0
-15.019694 -30.175897 0
-23.609443 -24.057643 0
32.530253 9.151472 0
33.766070 -1.348834 0
31.696628 -11.717107 0
26.524500 -20.938427 0
18.755968 -28.110149 0
9.151472 -32.530253 0
-1.348834 -33.766070 0
-11.717107 -31.696628 0
-32.530253 -9.151472 0
-33.766070 1.348834 0
-31.696628 11.717107 0
-26.524500 20.938427 0
-18.755968 28.110149 0
-9.151472 32.530253 0
1.348834 33.766070 0
11.717107 31.696628 0
20.938427 26.524500 0
28.110149 18.755968 0
-20.938427 -26.524500 0
-28.110149 -18.755968 0
34.204235 2.334378 0
33.251523 -8.349565 0
29.043920 -18.216193 0
21.993296 -26.299694 0
12.789815 -31.808798 0
2.334378 -34.204235 0
-8.349565 -33.251523 0
-18.216193 -29.043920 0
-34.204235 -2.334378 0
-33.251523 8.349565 0
-29.043920 18.216193 0
-21.993296 26.299694 0
-12.789815 31.808798 0
-2.334378 34.204235 0
8.349565 33.251523 0
18.216193 29.043920 0
26.299694 21.993296 0
31.808798 12.789815 0
-26.299694 -21.993296 0
-31.808798 -12.789815 0
34.869293 -4.658689 0
31.723054 -15.205881 0
25.471542 -24.264615 0
16.726697 -30.948159 0
6.344527 -34.602282 0
-4.658689 -34.869293 0
-15.205881 -31.723054 0
-24.264615 -25.471542 0
-34.869293 4.658689 0
-31.723054 15.205881 0
-25.471542 24.264615 0
-16.726697 30.948159 0
-6.344527 34.602282 0
4.658689 34.869293 0
15.205881 31.723054 0
24.264615 25.471542 0
30.948159 16.726697 0
34.602282 6.344527 0
-30.948159 -16.726697 0
-34.602282 -6.344527 0
34.550501 -11.622489 0
29.267932 -21.730336 0
21.120415 -29.711066 0
10.905484 -34.783470 0
-0.376952 -36.451025 0
-11.622489 -34.550501 0
-21.730336 -29.267932 0
-29.711066 -21.120415 0
-34.550501 11.622489 0
-29.267932 21.730336 0
-21.120415 29.711066 0
-10.905484 34.783470 0
0.376952 36.451025 0
11.622489 34.550501 0
21.730336 29.267932 0
29.711066 21.120415 0
34.783470 10.905484 0
36.451025 -0.376952 0
-34.783470 -10.905484 0
-36.451025 0.376952 0
33.328692 -18.379381 0
26.017928 -27.778962 0
16.160349 -34.459345 0
4.720882 -37.766607 0
-7.180698 -37.377010 0
-18.379381 -33.328692 0
-27.778962 -26.017928 0
-34.459345 -16.160349 0
-33.328692 18.379381 0
-26.017928 27.778962 0
-16.160349 34.459345 0
-4.720882 37.766607 0
7.180698 37.377010 0
18.379381 33.328692 0
27.778962 26.017928 0
34.459345 16.160349 0
37.766607 4.720882 0
37.377010 -7.180698 0
-37.766607 -4.720882 0
-37.377010 7.180698 0
31.321005 -24.794379 0
22.126162 -33.259578 0
10.765455 -38.469099 0
-1.649049 -39.912996 0
-13.902133 -37.449931 0
-24.794379 -31.321005 0
-33.259578 -22.126162 0
-38.469099 -10.765455 0
-31.321005 24.794379 0
-22.126162 33.259578 0
-10.765455 38.469099 0
1.649049 39.912996 0
13.902133 37.449931 0
24.794379 31.321005 0
33.259578 22.126162 0
38.469099 10.765455 0
39.912996 -1.649049 0
37.449931 -13.902133 0
-39.912996 1.649049 0
-37.449931 13.902133 0
28.659796 -30.778613 0
17.745971 -38.128564 0
5.095047 -41.746226 0
-8.054616 -41.277477 0
-20.415837 -36.768200 0
-30.778613 -28.659796 0
-38.128564 -17.745971 0
-41.746226 -5.095047 0
-28.659796 30.778613 0
-17.745971 38.128564 0
-5.095047 41.746226 0
8.054616 41.277477 0
20.415837 36.768200 0
30.778613 28.659796 0
38.128564 17.745971 0
41.746226 5.095047 0
41.277477 -8.054616 0
36.768200 -20.415837 0
-41.277477 8.054616 0
-36.768200 20.415837 0
25.475790 -36.284123 0
13.016506 -42.380704 0
-0.716925 -44.328766 0
-14.380178 -41.937620 0
-26.635800 -35.441327 0
-36.284123 -25.475790 0
-42.380704 -13.016506 0
-44.328766 0.716925 0
-25.475790 36.284123 0
-13.016506 42.380704 0
0.716925 44.328766 0
14.380178 41.937620 0
26.635800 35.441327 0
36.284123 25.475790 0
42.380704 13.016506 0
44.328766 -0.716925 0
41.937620 -14.380178 0
35.441327 -26.635800 0
-41.937620 14.380178 0
-35.441327 26.635800 0
21.887661 -41.294554 0
8.055684 -46.037114 0
-6.564840 -46.273241 0
-20.542751 -41.979820 0
-32.509795 -33.577122 0
-41.294554 -21.887661 0
-46.037114 -8.055684 0
-46.273241 6.564840 0
-21.887661 41.294554 0
-8.055684 46.037114 0
6.564840 46.273241 0
20.542751 41.979820 0
32.509795 33.577122 0
41.294554 21.887661 0
46.037114 8.055684 0
46.273241 -6.564840 0
41.979820 -20.542751 0
33.577122 -32.509795 0
-41.979820 20.542751 0
-33.577122 32.509795 0
17.997322 -45.815436 0
2.958723 -49.134547 0
-12.369498 -47.644027 0
-26.486905 -41.489777 0
-38.011590 -31.274219 0
-45.815436 -17.997323 0
-49.134547 -2.958723 0
-47.644027 12.369498 0
-17.997322 45.815436 0
-2.958723 49.134547 0
12.369498 47.644027 0
26.486905 41.489777 0
38.011590 31.274219 0
45.815436 17.997323 0
49.134547 2.958723 0
47.644027 -12.369498 0
41.489777 -26.486905 0
31.274219 -38.011590 0
-41.489777 26.486905 0
-31.274219 38.011590 0
13.889129 -49.865993 0
-2.200093 -51.717355 0
-18.073954 -48.506261 0
-32.178611 -40.547037 0
-43.133401 -28.618786 0
-49.865993 -13.889129 0
-51.717355 2.200093 0
-48.506261 18.073954 0
-13.889129 49.865993 0
2.200093 51.717355 0
18.073954 48.506261 0
32.178611 40.547037 0
43.133401 28.618786 0
49.865993 13.889129 0
51.717355 -2.200093 0
48.506261 -18.073954 0
40.547037 -32.178611 0
28.618786 -43.133401 0
-40.547037 32.178611 0
-28.618786 43.133401 0
9.631225 -53.473055 0
-7.364243 -53.832110 0
-23.638848 -48.921703 0
-37.599518 -39.222498 0
-47.879685 -25.683922 0
-53.473055 -9.631225 0
-53.832110 7.364243 0
-48.921703 23.638848 0
-9.631225 53.473055 0
7.364243 53.832110 0
23.638848 48.921703 0
37.599518 39.222498 0
47.879686 25.683922 0
53.473055 9.631225 0
53.832110 -7.364243 0
48.921703 -23.638848 0
39.222498 -37.599518 0
25.683922 -47.879685 0
-39.222498 37.599518 0
-25.683922 47.879685 0
5.277795 -56.666899 0
-12.491554 -55.524352 0
-29.038142 -48.946694 0
-42.742275 -37.577793 0
-52.262495 -22.530516 0
-56.666899 -5.277795 0
-55.524352 12.491554 0
-48.946694 29.038142 0
-5.277795 56.666899 0
12.491554 55.524352 0
29.038142 48.946694 0
42.742275 37.577793 0
52.262495 22.530516 0
56.666899 5.277795 0
55.524352 -12.491554 0
48.946694 -29.038142 0
37.577793 -42.742275 0
22.530516 -52.262495 0
-37.577793 42.742275 0
-22.530516 52.262495 0
0.871480 -59.478600 0
-17.551071 -56.836813 0
-34.255602 -48.631442 0
-47.606955 -35.665686 0
-56.298208 -19.208725 0
-59.478600 -0.871480 0
-56.836813 17.551071 0
-48.631442 34.255601 0
-0.871480 59.478600 0
17.551071 56.836813 0
34.255602 48.631442 0
47.606955 35.665687 0
56.298208 19.208725 0
59.478600 0.871480 0
56.836813 -17.551071 0
48.631442 -34.255601 0
35.665686 -47.606955 0
19.208726 -56.298208 0
-35.665686 47.606955 0
-19.208725 56.298208 0
-3.554378 -61.938452 0
-22.520448 -57.808605 0
-39.282061 -48.020049 0
-52.198471 -33.530956 0
-60.005331 -15.759620 0
-61.938452 3.554378 0
-57.808605 22.520448 0
-48.020049 39.282060 0
3.554378 61.938452 0
22.520448 57.808605 0
39.282061 48.020049 0
52.198471 33.530956 0
60.005331 15.759620 0
61.938452 -3.554378 0
57.808605 -22.520449 0
48.020049 -39.282060 0
33.530956 -52.198471 0
15.759620 -60.005331 0
-33.530956 52.198471 0
-15.759620 60.005331 0
-7.973829 -64.075096 0
-27.383855 -58.474989 0
-44.113359 -47.150943 0
-56.524740 -31.211434 0
-63.403086 -12.216732 0
-64.075096 7.973828 0
-58.474989 27.383855 0
-47.150943 44.113359 0
7.973829 64.075096 0
27.383855 58.474989 0
44.113359 47.150942 0
56.524740 31.211434 0
63.403086 12.216732 0
64.075096 -7.973828 0
58.474989 -27.383855 0
47.150943 -44.113359 0
31.211433 -56.524740 0
12.216732 -63.403086 0
-31.211433 56.524740 0
-12.216732 63.403086 0
-12.366738 -65.915106 0
-32.130354 -58.867459 0
-48.748828 -46.057455 0
-60.595427 -28.739026 0
-66.510523 -8.607421 0
-65.915106 12.366738 0
-58.867459 32.130355 0
-46.057455 48.748828 0
12.366738 65.915106 0
32.130354 58.867459 0
48.748828 46.057455 0
60.595427 28.739026 0
66.510523 8.607421 0
65.915106 -12.366737 0
58.867459 -32.130355 0
46.057455 -48.748828 0
28.739026 -60.595427 0
8.607422 -66.510523 0
-28.739026 60.595427 0
-8.607422 66.510523 0
-16.717533 -67.482850 0
-36.752665 -59.014003 0
-53.190192 -44.768454 0
-64.421091 -26.140656 0
-69.346006 -4.954029 0
-67.482850 16.717532 0
-59.014003 36.752666 0
-44.768454 53.190191 0
16.717533 67.482850 0
36.752665 59.014003 0
53.190192 44.768453 0
64.421091 26.140656 0
69.346006 4.954029 0
67.482850 -16.717532 0
59.014003 -36.752666 0
44.768454 -53.190191 0
26.140656 -64.421092 0
4.954030 -69.346006 0
-26.140656 64.421092 0
-4.954030 69.346006 0
-21.014208 -68.800510 0
-41.246226 -58.939426 0
-57.440776 -43.308941 0
-68.012623 -23.439074 0
-71.926921 -1.274828 0
-68.800510 21.014207 0
-58.939426 41.246226 0
-43.308941 57.440776 0
21.014208 68.800510 0
41.246226 58.939426 0
57.440777 43.308940 0
68.012623 23.439074 0
71.926921 1.274828 0
68.800510 -21.014207 0
58.939426 -41.246227 0
43.308941 -57.440776 0
23.439073 -68.012624 0
1.274829 -71.926921 0
-23.439074 68.012624 0
-1.274828 71.926921 0
-25.247551 -69.888194 0
-45.608487 -58.665700 0
-61.504947 -41.700599 0
-71.380875 -20.653552 0
-74.269545 2.415208 0
-69.888194 25.247551 0
-58.665700 45.608488 0
-41.700599 61.504947 0
25.247552 69.888194 0
45.608487 58.665700 0
61.504948 41.700598 0
71.380875 20.653552 0
74.269545 -2.415208 0
69.888194 -25.247550 0
58.665700 -45.608488 0
41.700599 -61.504947 0
20.653551 -71.380875 0
-2.415207 -74.269544 0
-20.653551 71.380875 0
2.415207 74.269544 0
-29.410537 -70.764088 0
-49.838388 -58.212292 0
-65.387711 -39.962271 0
-74.536429 -17.800464 0
-76.389003 6.103776 0
-70.764088 29.410535 0
-58.212292 49.838388 0
-39.962271 65.387710 0
29.410537 70.764088 0
49.838387 58.212292 0
65.387711 39.962270 0
74.536429 17.800464 0
76.389003 -6.103776 0
70.764088 -29.410535 0
58.212292 -49.838389 0
39.962272 -65.387710 0
17.800463 -74.536430 0
-6.103775 -76.389002 0
-17.800463 74.536430 0
6.103775 76.389003 0
-33.497852 -71.444629 0
-53.935954 -57.596475 0
-69.094430 -38.110377 0
-77.489462 -14.893769 0
-78.299286 9.780745 0
-71.444630 33.497850 0
-57.596475 53.935955 0
-38.110377 69.094429 0
33.497852 71.444629 0
53.935953 57.596476 0
69.094431 38.110376 0
77.489462 14.893769 0
78.299286 -9.780745 0
71.444630 -33.497850 0
57.596475 -53.935955 0
38.110378 -69.094429 0
14.893767 -77.489463 0
-9.780743 -78.299285 0
-14.893768 77.489463 0
9.780744 78.299285 0
-37.505532 -71.944673 0
-57.902006 -56.833604 0
-72.630630 -36.159266 0
-80.249662 -11.945406 0
-80.013297 13.437753 0
-71.944674 37.505530 0
-56.833604 57.902007 0
-36.159267 72.630629 0
37.505532 71.944673 0
57.902005 56.833605 0
72.630631 36.159265 0
80.249661 11.945407 0
80.013297 -13.437753 0
71.944674 -37.505530 0
56.833603 -57.902008 0
36.159268 -72.630628 0
11.945404 -80.249663 0
-13.437750 -80.013297 0
-11.945405 80.249662 0
13.437751 80.013297 0
-41.430672 -72.277661 0
-61.737935 -55.937360 0
-76.001860 -34.121519 0
-82.826194 -8.965627 0
-81.542922 17.067884 0
-72.277661 41.430670 0
-55.937359 61.737936 0
-34.121520 76.001859 0
41.430672 72.277661 0
61.737934 55.937360 0
76.001861 34.121518 0
82.826193 8.965627 0
81.542922 -17.067884 0
72.277662 -41.430670 0
55.937358 -61.737937 0
34.121522 -76.001858 0
8.965623 -82.826195 0
-17.067881 -81.542922 0
-8.965625 82.826194 0
17.067882 81.542922 0
-45.271201 -72.455766 0
-65.445532 -54.919959 0
-79.213601 -32.008203 0
-85.227690 -5.963261 0
-82.899099 20.665406 0
-72.455767 45.271198 0
-54.919958 65.445534 0
-32.008205 79.213600 0
45.271202 72.455766 0
65.445531 54.919960 0
79.213602 32.008202 0
85.227690 5.963262 0
82.899099 -20.665407 0
72.455767 -45.271198 0
54.919957 -65.445535 0
32.008207 -79.213598 0
5.963257 -85.227692 0
-20.665402 -82.899099 0
-5.963259 85.227691 0
20.665404 82.899099 0
-49.025707 -72.490036 0
-69.026868 -53.792346 0
-82.271202 -29.829086 0
-87.462257 -2.945946 0
-84.091897 24.225563 0
-72.490037 49.025703 0
-53.792345 69.026870 0
-29.829088 82.271201 0
49.025707 72.490036 0
69.026867 53.792347 0
82.271203 29.829084 0
87.462257 2.945947 0
84.091897 -24.225563 0
72.490037 -49.025703 0
53.792344 -69.026872 0
29.829090 -82.271199 0
2.945941 -87.462259 0
-24.225558 -84.091897 0
-2.945944 87.462258 0
24.225559 84.091897 0
-52.693294 -72.390511 0
-72.484196 -52.564346 0
-85.179843 -27.592815 0
-89.537494 0.079693 0
-85.130591 27.744400 0
-72.390513 52.693290 0
-52.564344 72.484198 0
-27.592818 85.179842 0
52.693295 72.390511 0
72.484194 52.564348 0
85.179845 27.592813 0
89.537494 -0.079691 0
85.130591 -27.744401 0
72.390513 -52.693289 0
52.564343 -72.484200 0
27.592821 -85.179840 0
-0.079699 -89.537496 0
-27.744394 -85.130591 0
0.079696 89.537495 0
27.744396 85.130591 0
-56.273478 -72.166339 0
-75.819880 -51.244809 0
-87.944508 -25.307078 0
-91.460515 3.107887 0
-86.023728 31.218630 0
-72.166341 56.273473 0
-51.244806 75.819883 0
-25.307081 87.944506 0
56.273479 72.166339 0
75.819878 51.244811 0
87.944510 25.307075 0
91.460514 -3.107885 0
86.023728 -31.218631 0
72.166342 -56.273472 0
51.244805 -75.819885 0
25.307084 -87.944504 0
-3.107895 -91.460517 0
-31.218623 -86.023729 0
3.107891 91.460516 0
31.218625 86.023729 0
-59.766096 -71.825868 0
-79.036344 -49.841725 0
-90.569971 -22.978723 0
-93.237977 6.133597 0
-86.779200 34.645517 0
-71.825871 59.766089 0
-49.841721 79.036348 0
-22.978727 90.569969 0
59.766096 71.825868 0
79.036342 49.841727 0
90.569973 22.978719 0
93.237976 -6.133595 0
86.779199 -34.645518 0
71.825872 -59.766088 0
49.841719 -79.036350 0
22.978731 -90.569966 0
-6.133607 -93.237979 0
-34.645508 -86.779201 0
6.133602 93.237978 0
34.645511 86.779201 0
-63.171234 -71.376736 0
-82.136033 -48.362329 0
-93.060792 -20.613877 0
-94.876111 9.152404 0
-87.404295 38.022785 0
-71.376739 63.171227 0
-48.362325 82.136038 0
-20.613882 93.060790 0
63.171235 71.376735 0
82.136030 48.362332 0
93.060794 20.613874 0
94.876111 -9.152402 0
87.404295 -38.022787 0
71.376740 -63.171225 0
48.362322 -82.136040 0
20.613888 -93.060787 0
-9.152417 -94.876113 0
-38.022774 -87.404297 0
9.152411 94.876112 0
38.022778 87.404296 0
-66.489179 -70.825942 0
-85.121381 -46.813194 0
-95.421317 -18.218038 0
-96.380749 12.160425 0
-87.905761 41.348542 0
-70.825947 66.489170 0
-46.813188 85.121386 0
-18.218044 95.421315 0
66.489180 70.825942 0
85.121378 46.813197 0
95.421320 18.218034 0
96.380749 -12.160422 0
87.905761 -41.348544 0
70.825948 -66.489169 0
46.813185 -85.121389 0
18.218051 -95.421311 0
-12.160440 -96.380751 0
-41.348529 -87.905764 0
12.160433 96.380750 0
41.348533 87.905763 0
-69.720368 -70.179921 0
-87.994792 -45.200300 0
-97.655682 -15.796152 0
-97.757352 15.154233 0
-88.289851 44.621216 0
-70.179927 69.720358 0
-45.200293 87.994798 0
-15.796159 97.655679 0
69.720370 70.179920 0
87.994788 45.200304 0
97.655684 15.796146 0
97.757352 -15.154229 0
88.289851 -44.621218 0
70.179928 -69.720356 0
45.200289 -87.994801 0
15.796168 -97.655675 0
-15.154251 -97.757354 0
-44.621200 -88.289855 0
15.154242 97.757353 0
44.621205 88.289854 0
-72.865356 -69.444593 0
-90.758623 -43.529109 0
-99.767815 -13.352684 0
-99.011037 18.130794 0
-88.562368 47.839505 0
-69.444601 72.865344 0
-43.529101 90.758630 0
-13.352693 99.767812 0
72.865358 69.444593 0
90.758619 43.529115 0
99.767818 13.352677 0
99.011037 -18.130789 0
88.562368 -47.839507 0
69.444603 -72.865341 0
43.529096 -90.758634 0
13.352703 -99.767808 0
-18.130816 -99.011039 0
-47.839486 -88.562373 0
18.130805 99.011038 0
47.839491 88.562372 0
-75.924786 -68.625425 0
-93.415176 -41.804620 0
-101.761450 -10.891677 0
-100.146604 21.087418 0
-88.728709 51.002331 0
-68.625435 75.924771 0
-41.804610 93.415184 0
-10.891688 101.761447 0
75.924787 68.625424 0
93.415171 41.804627 0
101.761454 10.891669 0
100.146604 -21.087412 0
88.728708 -51.002334 0
68.625437 -75.924768 0
41.804604 -93.415188 0
10.891700 -101.761442 0
-21.087444 -100.146605 0
-51.002308 -88.728715 0
21.087431 100.146604 0
51.002315 88.728714 0
-78.899366 -67.727468 0
-95.966685 -40.031419 0
-103.640130 -8.416802 0
-101.168557 24.021708 0
-88.793898 54.108807 0
-67.727480 78.899349 0
-40.031407 95.966694 0
-8.416815 103.640126 0
78.899368 67.727467 0
95.966679 40.031427 0
103.640134 8.416792 0
101.168557 -24.021701 0
88.793897 -54.108811 0
67.727483 -78.899346 0
40.031399 -95.966699 0
8.416829 -103.640122 0
-24.021739 -101.168557 0
-54.108781 -88.793906 0
24.021724 101.168557 0
54.108789 88.793904 0
-81.789854 -66.755405 0
-98.415316 -38.213725 0
-105.407219 -5.931403 0
-102.081128 26.931524 0
-88.762622 57.158207 0
-66.755420 81.789834 0
-38.213710 98.415327 0
-5.931419 105.407215 0
81.789856 66.755403 0
98.415310 38.213735 0
105.407223 5.931391 0
102.081128 -26.931515 0
88.762620 -57.158211 0
66.755423 -81.789830 0
38.213701 -98.415333 0
5.931436 -105.407210 0
-26.931560 -102.081127 0
-57.158176 -88.762633 0
26.931542 102.081127 0
57.158185 88.762630 0
-84.597038 -65.713583 0
-100.763164 -36.355430 0
-107.065911 -3.438534 0
-102.888297 29.814948 0
-88.639259 60.149936 0
-65.713601 84.597015 0
-36.355412 100.763176 0
-3.438552 107.065906 0
84.597040 65.713581 0
100.763157 36.355441 0
107.065915 3.438519 0
102.888298 -29.814938 0
88.639257 -60.149941 0
65.713605 -84.597010 0
36.355401 -100.763183 0
3.438572 -107.065900 0
-29.814990 -102.888295 0
-60.149900 -88.639272 0
29.814969 102.888296 0
60.149910 88.639269 0
-87.321726 -64.606046 0
-103.012247 -34.460129 0
-108.619235 -0.940989 0
-103.593814 32.670257 0
-88.427905 63.083513 0
-64.606069 87.321699 0
-34.460107 103.012260 0
-0.941011 108.619230 0
87.321729 64.606044 0
103.012239 34.460142 0
108.619240 0.940973 0
103.593814 -32.670246 0
88.427902 -63.083519 0
64.606073 -87.321694 0
34.460094 -103.012268 0
0.941035 -108.619225 0
-32.670307 -103.593810 0
-63.083472 -88.427922 0
32.670283 103.593811 0
63.083484 88.427917 0
-89.964739 -63.436565 0
-105.164510 -32.531155 0
-110.070074 1.558661 0
-104.201208 35.495900 0
-88.132400 65.958555 0
-63.436592 89.964708 0
-32.531129 105.164525 0
1.558635 110.070068 0
89.964742 63.436562 0
105.164501 32.531170 0
110.070078 -1.558680 0
104.201210 -35.495886 0
88.132397 -65.958562 0
63.436598 -89.964702 0
32.531113 -105.164534 0
-1.558608 -110.070062 0
-35.495958 -104.201203 0
-65.958507 -88.132420 0
35.495929 104.201205 0
65.958521 88.132415 0
-92.526899 -62.208660 0
-107.221824 -30.571603 0
-111.421161 4.058052 0
-104.713814 38.290471 0
-87.756346 68.774755 0
-62.208693 92.526865 0
-30.571572 107.221841 0
4.058022 111.421155 0
92.526903 62.208657 0
107.221814 30.571621 0
111.421165 -4.058075 0
104.713816 -38.290455 0
87.756342 -68.774763 0
62.208700 -92.526858 0
30.571553 -107.221851 0
-4.057990 -111.421149 0
-38.290538 -104.713806 0
-68.774699 -87.756372 0
38.290506 104.713809 0
68.774715 87.756365 0
-95.009027 -60.925627 0
-109.185986 -28.584353 0
-112.675096 6.555001 0
-105.134778 41.052698 0
-87.303131 71.531874 0
-60.925666 95.008988 0
-28.584316 109.186005 0
6.554965 112.675091 0
95.009031 60.925623 0
109.185975 28.584374 0
112.675101 -6.555027 0
105.134781 -41.052679 0
87.303126 -71.531884 0
60.925675 -95.008980 0
28.584295 -109.186016 0
-6.554928 -112.675084 0
-41.052775 -105.134767 0
-71.531811 -87.303162 0
41.052738 105.134772 0
71.531829 87.303154 0
